0	0	0	
-1.582276E-06	3.144552E-06	12.67439	
0	0	0	
0	0	0	

18.45772	83.02829	8.795811	
0.4055038	0.05725098	3.908815	
18.45755	83.02835	8.795732	
0.405426	0.05725419	3.908794	

18.45437	83.0166	8.802036	
0.4069418	0.08590698	3.749911	
18.4639	83.03555	8.817073	
0.4350281	0.05258264	3.922918	

23.92453	77.6554	1.448804	
12.2023	5.655895	26.38588	
16.99368	77.16599	14.62697	
4.037658	0.07787386	6.735622	

26.58187	70.2258	5.429993	
20.29991	17.70763	53.10889	
16.42023	72.33691	19.9975	
8.380489	0.687283	10.22374	

26.91478	68.8884	6.392334	
20.79236	19.99397	57.48176	
16.41882	71.68201	20.7527	
9.018131	0.8494529	10.78602	

29.03631	59.01843	11.71017	
18.03577	34.09694	85.18022	
16.93936	67.92644	25.07711	
12.90732	2.395286	14.6401	

29.65605	52.05295	9.378461	
16.43019	30.24585	88.26027	
22.18735	67.83753	24.90262	
13.23161	6.923952	29.14816	

29.85395	50.24786	16.46935	
16.4667	28.60938	88.7564	
23.52441	68.11083	24.67599	
12.87166	8.669529	34.06487	

30.22075	48.31345	24.77453	
16.73705	26.65185	89.43768	
25.00336	68.50648	24.38065	
12.1165	10.84628	39.98815	

30.38729	47.69278	27.62188	
16.88521	25.97112	89.69082	
25.509	68.65139	24.27535	
11.75862	11.61946	42.05128	

31.6176	45.51141	39.43074	
17.87465	23.08272	90.86533	
27.4971	69.37821	23.77489	
9.876423	15.02577	50.91985	

35.37776	43.17096	56.66219	
20.38485	18.73723	92.8014	
30.46808	70.64936	22.91537	
5.328314	20.26996	64.50964	

36.25409	42.90573	59.25563	
20.88467	18.07066	93.11311	
30.94107	70.86548	22.76906	
4.409001	21.0646	66.63965	

41.87885	41.92319	71.93964	
23.62122	15.12877	94.58851	
33.48169	71.89887	22.13027	
1.299744	24.81248	77.46152	

41.58289	42.31384	72.08183	
23.32941	15.87915	94.04178	
33.73984	71.56813	22.50202	
1.590149	24.96285	77.40069	

41.23152	42.78519	72.25672	
23.05735	16.78077	93.18221	
34.04785	71.16415	22.95351	
1.849915	25.10413	77.11832	

40.85538	43.32336	72.37471	
22.73141	17.73107	92.40738	
34.37555	70.74477	23.42617	
2.211121	25.25833	77.00501	

33.70872	59.4621	67.43901	
21.77796	35.21101	72.04402	
41.03372	60.64349	34.28368	
10.01547	32.41983	74.90872	

32.80836	62.7897	65.44729	
22.82995	37.09599	68.40807	
41.98291	58.84927	36.12622	
11.19406	34.35433	74.47965	

32.63936	63.51947	64.97781	
23.08912	37.44545	67.64835	
42.17578	58.4713	36.51175	
11.43683	34.78115	74.38359	

32.38191	64.60632	64.27452	
23.50077	37.93695	66.51719	
42.45895	57.90278	37.09004	
11.797	35.43185	74.2355	

32.18685	65.46533	63.70714	
23.83126	38.2895	65.64253	
42.67401	57.46242	37.53666	
12.07278	35.94452	74.11753	

32.03863	66.16129	63.23657	
24.09475	38.55014	64.95464	
42.84103	57.11626	37.88688	
12.28806	36.35369	74.02248	

31.85279	66.99493	62.67279	
24.42448	38.84683	64.12844	
43.03964	56.69577	38.31151	
12.54654	36.85464	73.90488	

31.61371	68.17081	61.8587	
24.89085	39.21684	62.99788	
43.30667	56.12139	38.8898	
12.89648	37.5509	73.73927	

31.44753	68.99475	61.28155	
25.22879	39.44869	62.21146	
43.48865	55.72152	39.29139	
13.13739	38.04189	73.62077	

31.29274	69.72388	60.77022	
25.54261	39.63765	61.50804	
43.64838	55.3628	39.65096	
13.35107	38.48529	73.5125	

30.05772	71.61804	58.28139	
26.85112	37.93074	57.14532	
43.12256	53.51667	41.16878	
14.11133	40.21597	74.03996	

29.71836	71.30756	57.98314	
26.90094	36.91032	56.23053	
42.63504	53.23474	41.3025	
14.18777	40.19398	74.51997	

29.33712	70.95547	57.66011	
26.9383	35.76991	55.19101	
42.09387	52.93114	41.43216	
14.26703	40.11988	75.04388	

28.89497	70.54324	57.28924	
26.9504	34.45346	53.97529	
41.46768	52.5875	41.57119	
14.35873	40.01693	75.65206	

28.55877	70.22723	57.00444	
26.93753	33.45393	53.04116	
40.98923	52.32855	41.67542	
14.42227	39.95711	76.11158	

28.22124	69.90848	56.72512	
26.90351	32.45948	52.10192	
40.51279	52.07694	41.767	
14.47693	39.93106	76.56193	

27.80548	69.5137	56.38734	
26.83334	31.24605	50.94254	
39.92969	51.77614	41.86567	
14.54239	39.90309	77.11317	

27.45979	69.18292	56.10369	
26.75261	30.24125	49.97147	
39.44269	51.52779	41.94668	
14.59674	39.87732	77.57362	

27.08792	68.82471	55.80073	
26.64229	29.16906	48.92407	
38.91986	51.26582	42.02625	
14.65512	39.8471	78.06902	

26.66128	68.41125	55.46404	
26.48501	27.95721	47.72597	
38.32687	50.97711	42.09756	
14.72159	39.80952	78.63396	

26.24811	68.00748	55.13414	
26.30323	26.79246	46.55965	
37.74966	50.69907	42.16574	
14.78589	39.76975	79.18394	

24.54858	66.31204	53.81211	
25.24819	22.16759	41.77585	
35.39471	49.61761	42.34303	
15.04605	39.57312	81.4468	

24.13157	65.88696	53.49649	
24.91552	21.07868	40.61057	
34.82184	49.36649	42.36139	
15.10864	39.51677	82.00244	

23.74489	65.48972	53.20018	
24.58159	20.08327	39.53024	
34.28802	49.13391	42.37834	
15.16629	39.4614	82.52032	

23.28555	65.01294	52.85479	
24.15355	18.92499	38.25482	
33.65775	48.86513	42.38393	
15.23401	39.3921	83.13522	

22.94545	64.65674	52.60167	
23.81508	18.08411	37.31538	
33.1925	48.6698	42.3806	
15.28363	39.33825	83.5909	

22.53965	64.2287	52.29594	
23.38715	17.09725	36.19658	
32.63492	48.43666	42.37674	
15.34235	39.2709	84.13727	

22.12601	63.78766	51.98877	
22.92476	16.11362	35.06373	
32.069	48.20429	42.36162	
15.4014	39.19911	84.69474	

21.77517	63.40985	51.73149	
22.51214	15.29746	34.10904	
31.59079	48.01093	42.34047	
15.45084	39.13568	85.16804	

21.39103	62.99332	51.44619	
22.03883	14.42112	33.06694	
31.06479	47.79881	42.31747	
15.50443	39.06326	85.68889	

20.9447	62.50381	51.11721	
21.46117	13.42816	31.86396	
30.45456	47.5558	42.28477	
15.56573	38.9755	86.29575	

20.59812	62.1192	50.86563	
20.99275	12.67698	30.937	
29.98264	47.37077	42.25325	
15.61255	38.90474	86.76765	

18.75403	60.01572	49.51429	
18.21067	8.966216	26.07782	
27.47336	46.41872	42.01464	
15.85028	38.48551	89.31087	

18.36787	59.55875	49.23713	
17.56864	8.253504	25.07854	
26.95361	46.23187	41.9373	
15.89703	38.38865	89.84951	

17.97739	59.09308	48.95242	
16.89893	7.556185	24.07247	
26.42511	46.04143	41.85951	
15.94336	38.28724	90.39758	

17.60451	58.64487	48.67618	
16.24034	6.912501	23.11545	
25.91736	45.85808	41.78574	
15.98669	38.1871	90.92425	

17.20071	58.14963	48.38677	
15.50981	6.242881	22.09015	
25.40204	45.70148	41.67811	
16.0318	38.07561	91.49462	

16.78917	57.6402	48.08754	
14.74406	5.587769	21.0498	
24.83319	45.49059	41.58534	
16.07654	37.95815	92.07967	

16.41282	57.1705	47.80893	
14.02478	5.012902	20.10133	
24.30948	45.29585	41.50094	
16.11633	37.8471	92.61862	

16.12989	56.79102	47.46348	
13.2561	4.437854	19.11737	
23.78094	45.11606	41.39008	
16.15598	37.72771	93.18359	

15.62735	56.1521	47.16295	
12.35117	3.810846	17.99201	
23.17029	44.90708	41.26367	
16.19989	37.58612	93.83662	

14.4353	54.56293	46.31786	
9.901296	2.35106	15.09157	
21.59369	44.38525	40.897	
16.30338	37.19528	95.5535	

13.7184	52.56366	45.33602	
7.034205	1.087278	13.05225	
19.33008	44.69286	42.44765	
15.36984	36.3961	97.59022	

14.10441	52.50229	45.37511	
7.133904	1.223852	14.3756	
19.0932	45.30355	43.76963	
14.5715	36.2419	97.38068	

14.42478	52.47614	45.40283	
7.228423	1.317657	15.32849	
18.81641	45.77911	44.96166	
13.918	36.08649	97.29407	

14.67398	52.45761	45.42468	
7.301779	1.388569	16.0745	
18.60492	46.15483	45.89492	
13.40521	35.96045	97.22644	

15.01	52.43237	45.45525	
7.399826	1.479874	17.08154	
18.33643	46.674	47.15077	
12.71289	35.78518	97.13387	

15.34066	52.42484	45.48146	
7.498727	1.576786	18.12579	
17.99048	47.14042	48.45027	
11.99066	35.59718	97.03928	

15.64468	52.42056	45.50567	
7.589201	1.663871	19.09551	
17.67331	47.57435	49.65386	
11.31943	35.41788	96.94987	

15.88151	52.41708	45.52518	
7.659052	1.729114	19.85159	
17.43811	47.9218	50.59005	
10.79617	35.27541	96.87845	

16.16985	52.42267	45.54586	
7.744412	1.811525	20.79711	
17.07986	48.29442	51.7537	
10.13806	35.0937	96.7899	

17.16315	52.48096	45.60891	
8.035557	2.094917	24.14842	
15.74286	49.54941	55.83845	
7.799286	34.42835	96.45976	

17.41862	52.50903	45.62194	
8.109631	2.170046	25.03998	
15.36575	49.86457	56.91414	
7.175659	34.24739	96.36696	

17.67911	52.53458	45.63638	
8.184639	2.24422	25.95439	
14.95514	50.16906	58.00835	
6.534332	34.0607	96.27007	

17.87816	52.55063	45.64854	
8.241748	2.299083	26.65905	
14.60391	50.37693	58.84192	
6.037964	33.91617	96.19484	

18.10361	52.56873	45.6627	
8.305912	2.359489	27.45765	
14.21591	50.62232	59.78624	
5.475861	33.75217	96.10703	

18.30272	52.58463	45.67554	
8.362178	2.411329	28.16343	
13.88214	50.84764	60.6204	
4.979767	33.60725	96.02715	

18.51005	52.61334	45.68436	
8.420149	2.470126	28.91497	
13.47961	51.05268	61.49266	
4.448792	33.45299	95.94187	

18.74282	52.65155	45.69218	
8.48448	2.537657	29.7672	
13.00739	51.276	62.47412	
3.845917	33.27851	95.84325	

18.95563	52.68646	45.69966	
8.542706	2.597962	30.5469	
12.58588	51.491	63.37223	
3.295105	33.11961	95.75005	

19.21675	52.7446	45.70055	
8.609531	2.667401	31.45696	
12.07797	51.73293	64.41085	
2.651886	32.93518	95.63869	

19.43919	52.78094	45.70895	
8.670319	2.732464	32.30635	
11.55081	51.92275	65.35853	
2.049469	32.7644	95.53337	

19.66199	52.81729	45.71769	
8.730468	2.796076	33.15762	
11.03421	52.12563	66.30905	
1.446716	32.59484	95.42439	

19.92066	52.8587	45.72817	
8.799439	2.867347	34.14437	
10.4342	52.36449	67.40566	
0.7487488	32.40067	95.29427	

21.53592	53.16553	45.76528	
9.201694	3.279605	40.3167	
5.990601	53.49987	73.849	
3.614916	31.24517	94.40112	

21.7466	53.21735	45.7647	
9.249463	3.333004	41.13329	
5.332916	53.62048	74.64491	
4.189912	31.09566	94.27148	

21.97552	53.27374	45.76432	
9.300787	3.38962	42.02102	
4.628662	53.76476	75.51337	
4.813869	30.93362	94.12714	

22.22189	53.33289	45.76398	
9.356662	3.450054	42.98295	
3.826447	53.89951	76.41843	
5.488628	30.7586	93.96679	

22.55755	53.41193	45.7638	
9.433065	3.530936	44.30095	
2.690063	54.06941	77.62247	
6.410783	30.51971	93.74039	

22.80757	53.47073	45.76404	
9.489111	3.588981	45.28305	
1.856995	54.21401	78.52473	
7.096042	30.34237	93.56656	

23.01531	53.51108	45.76637	
9.535499	3.629935	46.0946	
1.103241	54.29235	79.20725	
7.66065	30.19603	93.41897	

23.31751	53.56982	45.77021	
9.602483	3.686995	47.27545	
0.01989746	54.42511	80.20796	
8.48023	29.98377	93.19888	

27.84298	54.90347	45.57637	
10.42067	4.526396	65.58704	
19.90291	54.96058	90.67326	
20.52635	26.73257	88.81408	

30.16113	55.6962	45.36803	
10.7398	4.737435	75.1344	
31.9512	53.42521	92.14351	
25.96677	24.9669	85.65436	

30.35358	55.76489	45.3477	
10.76506	4.748405	75.93097	
32.98098	53.21385	92.14777	
26.38501	24.81432	85.36071	

30.65998	55.87576	45.31314	
10.80474	4.763826	77.20184	
34.62833	52.80686	92.0438	
27.0281	24.56599	84.87636	

30.93441	55.97598	45.28124	
10.84006	4.775324	78.34115	
36.10593	52.40678	91.90848	
27.59194	24.34134	84.43249	

33.69281	57.04102	44.89255	
11.19183	4.763689	89.8618	
50.46266	45.11464	86.52193	
32.3224	21.88956	79.3205	

34.07017	57.19531	44.82886	
11.24117	4.743507	91.44853	
52.27858	43.47771	85.07878	
32.81123	21.52237	78.52508	

35.27384	61.47369	55.63543	
8.06086	1.131653	91.90811	
55.7695	44.81946	90.16119	
34.33544	18.68418	72.65576	

34.94297	62.54776	60.74494	
6.248483	3.634216	89.10897	
53.32676	48.76815	95.30164	
34.03947	18.16977	71.75577	

34.87484	62.67633	61.54187	
5.955944	4.013702	88.69455	
52.92221	49.30558	96.01627	
33.98182	18.08903	71.61621	

34.81129	62.80984	62.34539	
5.655066	4.396545	88.27906	
52.50885	49.83721	96.72878	
33.92323	18.0075	71.47581	

34.74266	62.93372	63.15099	
5.350805	4.77771	87.86838	
52.08862	50.35014	97.42048	
33.86126	17.92562	71.33518	

34.66295	63.04453	63.97452	
5.038775	5.16333	87.45583	
51.65324	50.85014	98.09855	
33.79351	17.84181	71.1916	

34.58879	63.15866	64.79414	
4.72227	5.54715	87.04802	
51.21489	51.33799	98.76605	
33.7255	17.75836	71.04902	

34.50466	63.26657	65.65012	
4.389276	5.945068	86.62851	
50.75149	51.82635	99.43886	
33.65103	17.6711	70.90035	

34.42805	63.34241	66.34766	
4.117039	6.266418	86.2922	
50.36988	52.20643	99.96548	
33.58696	17.59994	70.77937	

34.34225	63.43546	67.1705	
3.790653	6.645386	85.89831	
49.91552	52.64647	100.5808	
33.51094	17.51602	70.63705	

33.92176	63.74646	70.67413	
2.370082	8.235168	84.28037	
47.93238	54.34011	102.998	
33.15725	17.15872	70.03441	

33.82769	63.78796	71.34396	
2.093639	8.534485	83.98231	
47.54501	54.63081	103.4216	
33.0837	17.09047	69.91985	

33.70424	63.84912	72.25987	
1.709998	8.943604	83.5781	
47.01148	55.02086	103.9964	
32.98264	16.99722	69.76366	

33.56528	63.90289	73.22267	
1.303344	9.371124	83.16019	
46.44591	55.41159	104.5779	
32.87279	16.89934	69.59999	

33.45153	63.93298	73.94341	
0.9975013	9.689026	82.85252	
46.01941	55.68931	104.9946	
32.7875	16.82604	69.47764	

33.32335	63.97217	74.78482	
0.6355169	10.05994	82.49648	
45.51833	56.00768	105.4781	
32.68744	16.74065	69.33533	

33.14735	64.01068	75.86156	
0.1684613	10.53214	82.04855	
44.87217	56.39466	106.0722	
32.55529	16.63147	69.15366	

33.00429	64.03036	76.67432	
0.186615	10.88654	81.71628	
44.38093	56.67142	106.5017	
32.45228	16.54918	69.01685	

32.87428	64.05264	77.43673	
0.5241089	11.21884	81.40755	
43.9174	56.9264	106.9027	
32.35518	16.47209	68.88901	

32.71301	64.06979	78.32209	
0.9184265	11.60315	81.05445	
43.37598	57.20856	107.3508	
32.23938	16.38268	68.74084	

32.55138	64.0755	79.14175	
1.28537	11.95724	80.73294	
42.87173	57.45567	107.7469	
32.12887	16.29998	68.60388	

31.80525	64.08313	82.75759	
2.94632	13.51215	79.3632	
40.61502	58.45022	109.3978	
31.62164	15.93685	68.00445	

31.58881	64.07068	83.69609	
3.386505	13.91345	79.02163	
40.02097	58.67812	109.7896	
31.48277	15.84296	67.84981	

31.37915	64.05453	84.56819	
3.799042	14.2858	78.70924	
39.4659	58.87959	110.1411	
31.35104	15.75585	67.70643	

31.17854	64.0441	85.42452	
4.209259	14.65149	78.40639	
38.91827	59.07383	110.4866	
31.22112	15.67057	67.56625	

30.96193	64.02295	86.27341	
4.617889	15.01343	78.11121	
38.37261	59.25327	110.8093	
31.08859	15.5861	67.42741	

30.70904	63.99524	87.22897	
5.081879	15.42059	77.78436	
37.75526	59.44529	111.1604	
30.93659	15.49114	67.27144	

30.52541	63.97931	87.93903	
5.430725	15.72336	77.5446	
37.29446	59.58552	111.4222	
30.82313	15.42078	67.156	

30.29254	63.95291	88.78416	
5.848297	16.08374	77.26357	
36.74352	59.74236	111.7186	
30.68502	15.33712	67.01871	

30.01391	63.91629	89.74105	
6.324799	16.49191	76.95087	
36.11652	59.90862	112.0381	
30.52518	15.24242	66.86339	

29.81108	63.89398	90.4529	
6.683289	16.7959	76.72145	
35.64813	60.03028	112.2772	
30.40566	15.17223	66.74838	

29.54509	63.86124	91.34423	
7.135529	17.177	76.43864	
35.05904	60.17389	112.5641	
30.25327	15.0844	66.60447	

28.43681	63.7117	94.74157	
8.89682	18.63702	75.40511	
32.78709	60.64798	113.5596	
29.64698	14.75076	66.05791	

28.16123	63.67688	95.54694	
9.324188	18.98529	75.17024	
32.24257	60.74737	113.7811	
29.49843	14.67204	65.92901	

27.86338	63.64023	96.40006	
9.781158	19.35544	74.92573	
31.66328	60.84732	114.0095	
29.33899	14.58878	65.79269	

27.55173	63.59555	97.21981	
10.22348	19.7131	74.69503	
31.10343	60.93245	114.2083	
29.18145	14.50862	65.66135	

27.22785	63.5553	98.0872	
10.69659	20.09256	74.45544	
30.50889	61.02102	114.4217	
29.01398	14.4241	65.52297	

26.90751	63.52188	98.95615	
11.17816	20.47659	74.21873	
29.9073	61.10543	114.6317	
28.84303	14.33914	65.38383	

26.57585	63.49414	99.85567	
11.68997	20.88425	73.97459	
29.26959	61.18221	114.8287	
28.65786	14.24949	65.23683	

26.26518	63.47452	100.7169	
12.1853	21.27567	73.74603	
28.65714	61.25434	115.0212	
28.47969	14.16402	65.09679	

25.79947	63.38693	101.6334	
12.68198	21.66681	73.52417	
28.04637	61.31949	115.202	
28.29989	14.07928	64.95786	

25.48901	63.35428	102.3536	
13.0986	21.99469	73.34343	
27.53567	61.36621	115.3371	
28.14688	14.00871	64.84206	

25.17335	63.32602	103.0973	
13.53265	22.33441	73.16061	
27.007	61.41367	115.4795	
27.98824	13.9361	64.72294	

23.71351	63.19882	106.2661	
15.42068	23.80252	72.42741	
24.73772	61.57057	116.0136	
27.29064	13.6286	64.2178	

23.39556	63.1683	106.8728	
15.7905	24.09015	72.29523	
24.29728	61.589	116.091	
27.15086	13.56964	64.12071	

22.95917	63.13272	107.7155	
16.30875	24.49149	72.11646	
23.68401	61.614	116.2021	
26.95579	13.48807	63.9864	

22.62847	63.11081	108.3631	
16.71057	24.80142	71.98296	
23.21159	61.63279	116.2906	
26.80518	13.42566	63.88362	

22.19466	63.0798	109.1624	
17.21179	25.1889	71.82243	
22.62326	61.64973	116.3846	
26.61528	13.3484	63.75622	

21.80984	63.05267	109.8432	
17.6431	25.52258	71.68967	
22.1186	61.66015	116.4557	
26.45074	13.28257	63.6475	

21.39001	63.02902	110.5951	
18.1235	25.89313	71.54771	
21.55993	61.67131	116.5379	
26.26816	13.21017	63.52791	

20.94262	63.00571	111.3725	
18.62561	26.2807	71.40591	
20.97812	61.67915	116.6154	
26.0765	13.1353	63.40417	

20.38408	62.9751	112.2819	
19.22107	26.74203	71.24635	
20.28941	61.6808	116.6861	
25.84667	13.0474	63.25863	

19.99592	62.95966	112.9218	
19.6438	27.06879	71.13881	
19.80373	61.68173	116.7395	
25.68412	12.98588	63.15668	

19.59178	62.94632	113.5801	
20.08221	27.40787	71.03222	
19.30191	61.68097	116.7918	
25.51533	12.92272	63.05194	

19.01829	62.92322	114.4434	
20.66449	27.86121	70.89853	
18.63478	61.67177	116.8346	
25.28794	12.83947	62.91364	

16.78404	62.88541	117.6885	
22.91235	29.6185	70.46626	
16.08936	61.61417	116.9588	
24.40735	12.52884	62.39587	

16.33646	62.8829	118.2928	
23.34186	29.95944	70.40026	
15.61887	61.59057	116.9425	
24.23694	12.47132	62.30111	

15.79971	62.87833	118.9783	
23.82861	30.35779	70.34327	
15.09564	61.55085	116.8776	
24.03643	12.40776	62.2105	

15.30317	62.87994	119.6178	
24.27838	30.73499	70.30913	
14.60673	61.51419	116.82	
23.84506	12.3509	62.14594	

14.88747	62.88562	120.1572	
24.65442	31.05765	70.29465	
14.19389	61.48356	116.7736	
23.68042	12.30484	62.10658	

15.08727	62.95071	119.8236	
24.80899	30.89304	69.9139	
13.27649	61.46596	116.4371	
23.42925	12.24011	62.07308	

15.27388	63.00031	119.5253	
24.88531	30.74304	69.63931	
12.62517	61.45814	116.1922	
23.25255	12.19805	62.0676	

15.49844	63.06134	119.1663	
24.96912	30.56522	69.32159	
11.84496	61.45183	115.9022	
23.03742	12.15055	62.08008	

15.6842	63.12622	118.6472	
25.05048	30.37759	68.99362	
10.98616	61.44199	115.5077	
22.80354	12.10268	62.11085	

15.82022	63.18317	118.1315	
25.11951	30.21475	68.70903	
10.22965	61.43455	115.1266	
22.60027	12.0622	62.1393	

15.97097	63.24762	117.5641	
25.19446	30.0354	68.3951	
9.400107	61.43127	114.712	
22.37748	12.01872	62.17138	

16.13684	63.31461	117.0268	
25.26852	29.85529	68.0792	
8.59899	61.42326	114.2843	
22.154	11.97604	62.20413	

17.00129	63.6308	115.0297	
25.57504	29.07486	66.70242	
5.47617	61.33051	112.256	
21.18496	11.80203	62.35179	

17.20277	63.70822	114.576	
25.64206	28.896	66.38546	
4.786073	61.31257	111.7712	
20.96372	11.76449	62.38698	

17.4048	63.7876	114.1218	
25.70807	28.71689	66.06767	
4.096169	61.29976	111.2893	
20.74322	11.7278	62.42285	

17.63326	63.87811	113.6228	
25.77969	28.51782	65.71381	
3.351509	61.28195	110.7399	
20.49659	11.68785	62.46279	

17.82981	63.95773	113.1943	
25.84012	28.34677	65.40939	
2.71274	61.27153	110.2706	
20.28561	11.65431	62.49768	

18.05866	64.05255	112.6956	
25.90912	28.1478	65.05485	
1.970198	61.26527	109.7281	
20.04119	11.61617	62.53893	

18.25207	64.13364	112.2826	
25.96545	27.98154	64.75834	
1.365119	61.25868	109.2684	
19.83644	11.58496	62.57351	

18.46696	64.22531	111.827	
26.02652	27.79755	64.42994	
0.7016095	61.25402	108.7589	
19.61021	11.5511	62.61219	

18.65685	64.30798	111.4245	
26.07947	27.63513	64.13963	
0.1157547	61.25437	108.3111	
19.41121	11.52183	62.64679	

18.84507	64.39136	111.0263	
26.13095	27.4744	63.85208	
0.461731	61.25784	107.8678	
19.21474	11.49336	62.68137	

19.05213	64.48395	110.5982	
26.18546	27.29953	63.53939	
1.061249	61.25489	107.3637	
19.00035	11.4629	62.71896	

19.28449	64.59003	110.1175	
26.24542	27.10339	63.18816	
1.734619	61.25742	106.8005	
18.76073	11.42946	62.76167	

20.16226	65.00931	108.3263	
26.45685	26.36801	61.86951	
4.174988	61.28624	104.6402	
17.86624	11.30992	62.92518	

20.39659	65.12637	107.8535	
26.50943	26.17288	61.51915	
4.802063	61.29958	104.0552	
17.62996	11.27962	62.96942	

20.63481	65.24725	107.3792	
26.56091	25.97559	61.16525	
5.410858	61.30908	103.4491	
17.39114	11.24952	63.01429	

20.84514	65.35605	106.9596	
26.60526	25.80142	60.85243	
5.950409	61.32286	102.9149	
17.18084	11.22337	63.05424	

21.04293	65.46021	106.5644	
26.64594	25.6376	60.55785	
6.459534	61.34052	102.4131	
16.98346	11.19912	63.09217	

21.26158	65.57684	106.1334	
26.6893	25.45737	60.23435	
6.992737	61.3541	101.8477	
16.76639	11.17283	63.13388	

21.47666	65.69348	105.7104	
26.73068	25.28027	59.91639	
7.510193	61.36939	101.2884	
16.55346	11.14738	63.17513	

21.70073	65.81729	105.2688	
26.77264	25.09579	59.58472	
8.051819	61.391	100.7061	
16.33205	11.12119	63.21845	

21.92325	65.94241	104.8307	
26.81299	24.91272	59.2555	
8.583893	61.4153	100.1255	
16.11293	11.09556	63.26175	

22.147	66.07007	104.3955	
26.8519	24.72913	58.92622	
9.087799	61.43335	99.53098	
15.89415	11.07027	63.30527	

22.36105	66.19437	103.9779	
26.888	24.55347	58.61073	
9.572693	61.45601	98.96213	
15.6851	11.04632	63.34723	

22.56211	66.31311	103.5847	
26.92093	24.38846	58.31397	
10.03079	61.48215	98.42765	
15.48902	11.02402	63.38694	

22.78379	66.44604	103.1533	
26.9559	24.20673	57.9875	
10.51785	61.50897	97.83245	
15.2741	10.9998	63.43095	

23.78953	67.0777	101.2035	
27.09808	23.38229	56.5081	
12.60971	61.64288	95.08511	
14.30873	10.89292	63.63375	

24.02221	67.23083	100.7523	
27.12726	23.19147	56.16568	
13.07208	61.67821	94.44016	
14.08707	10.86871	63.68142	

24.2732	67.39905	100.2636	
27.15732	22.98553	55.79555	
13.5752	61.7234	93.74303	
13.84801	10.84275	63.73336	

24.54665	67.58597	99.73485	
27.18784	22.76077	55.39332	
14.07809	61.7599	92.97343	
13.5895	10.81474	63.79014	

24.82138	67.77765	99.20135	
27.21674	22.53479	54.98838	
14.58438	61.80312	92.19743	
13.32989	10.78672	63.84769	

25.0311	67.9267	98.79211	
27.23755	22.36227	54.67862	
14.97473	61.842	91.6036	
13.13164	10.76533	63.89194	

25.29572	68.11819	98.27708	
27.26202	22.14392	54.28793	
15.43484	61.88158	90.84786	
12.88256	10.73847	63.94812	

25.48514	68.25769	97.9079	
27.27841	21.98737	54.00793	
15.755	61.909	90.30395	
12.7045	10.71927	63.98857	

25.72016	68.43347	97.44771	
27.29755	21.79309	53.65993	
16.15607	61.94857	89.62753	
12.48349	10.69543	64.03909	

25.93545	68.59732	97.02372	
27.3139	21.61502	53.34031	
16.52737	61.99039	89.00578	
12.28075	10.67354	64.08578	

26.33515	68.8793	96.42241	
27.33231	21.3913	52.94125	
16.94269	62.02413	88.22161	
12.02878	10.64625	64.14433	

26.5003	69.02206	96.02472	
27.34576	21.21173	52.62019	
17.27948	62.0565	87.59017	
11.82633	10.62423	64.19168	

26.67811	69.17795	95.59479	
27.35898	21.01834	52.27382	
17.64615	62.09708	86.90838	
11.60815	10.60043	64.24309	

27.6531	70.00812	93.60222	
27.39886	20.17664	50.77002	
19.09509	62.24483	83.9192	
10.66731	10.49875	64.46964	

27.87516	70.2052	93.1514	
27.40387	19.98758	50.4335	
19.38391	62.26804	83.24474	
10.45834	10.47665	64.52122	

28.16352	70.46622	92.56109	
27.40833	19.74182	49.99491	
19.7652	62.30579	82.36469	
10.1864	10.44809	64.58886	

28.42101	70.70422	92.02943	
27.41046	19.52203	49.60169	
20.10983	62.34604	81.57372	
9.943015	10.42281	64.64996	

28.67295	70.9429	91.50615	
27.41034	19.30414	49.21429	
20.42926	62.37978	80.78173	
9.704368	10.39821	64.71059	

28.88665	71.14902	91.0587	
27.40887	19.11914	48.88454	
20.70447	62.41374	80.10658	
9.501491	10.37748	64.76255	

29.06894	71.32751	90.67426	
27.40659	18.96118	48.60236	
20.94232	62.44671	79.52821	
9.328028	10.3599	64.80719	

29.30457	71.56265	90.17395	
27.40204	18.75574	48.2359	
21.15909	62.42995	78.81506	
9.103275	10.33724	64.86555	

29.56199	71.82556	89.62276	
27.39493	18.52905	47.83286	
21.43533	62.4425	77.99818	
8.85699	10.31263	64.93015	

29.77272	72.0448	89.1674	
27.3876	18.34329	47.50161	
21.66583	62.45757	77.32589	
8.654704	10.2926	64.9836	

30.00569	72.29138	88.65957	
27.37799	18.1377	47.13395	
21.9252	62.47938	76.57864	
8.430341	10.27059	65.04325	

30.20068	72.50296	88.23077	
27.36819	17.96283	46.82357	
22.11118	62.47834	75.94838	
8.241853	10.25216	65.09391	

30.49385	72.82739	87.57946	
27.3512	17.69949	46.35469	
22.39566	62.48222	74.99494	
7.957366	10.2247	65.17097	

31.43489	73.92953	85.42809	
27.27582	16.84119	44.82471	
23.24515	62.46494	71.88017	
7.03293	10.13736	65.42673	

31.64314	74.18701	84.93806	
27.25458	16.64816	44.48035	
23.41815	62.45261	71.17883	
6.825658	10.11822	65.48522	

31.90927	74.5249	84.30315	
27.22455	16.39828	44.03595	
23.61475	62.41886	70.27588	
6.559065	10.09377	65.56123	

32.13929	74.82339	83.74702	
27.19647	16.18182	43.64939	
23.79016	62.39429	69.48883	
6.32711	10.07272	65.6278	

32.35958	75.11551	83.20761	
27.16751	15.97333	43.27655	
23.95569	62.36911	68.72954	
6.10361	10.05262	65.69243	

32.59435	75.43613	82.62318	
27.1337	15.74716	42.87427	
24.10278	62.31863	67.91415	
5.863428	10.03121	65.76266	

32.76274	75.67038	82.19901	
27.10812	15.58456	42.58402	
24.21173	62.28488	67.32485	
5.690112	10.01587	65.81359	

32.99128	75.9942	81.61646	
27.07144	15.36337	42.18777	
24.36414	62.24246	66.51887	
5.453347	9.99511	65.88358	

33.21408	76.31952	81.03813	
27.03275	15.14392	41.79632	
24.48859	62.18002	65.72677	
5.22034	9.974847	65.95315	

33.40576	76.60593	80.53309	
26.99741	14.95358	41.4565	
24.59045	62.12088	65.03962	
5.018225	9.957417	66.01395	

33.62965	76.94742	79.93488	
26.95395	14.73056	41.05672	
24.71445	62.05477	64.22948	
4.780323	9.937091	66.08593	

33.81507	77.23718	79.43141	
26.9158	14.54407	40.72227	
24.8114	61.99382	63.55257	
4.58145	9.920284	66.14653	

34.04996	77.61575	78.78047	
26.86404	14.30334	40.29225	
24.90948	61.89228	62.68754	
4.326643	9.898868	66.225	

34.84972	78.98901	76.46249	
26.66226	13.46558	38.78763	
25.21698	61.49734	59.6622	
3.43547	9.825756	66.50414	

35.06965	79.39175	75.79449	
26.59924	13.22986	38.36164	
25.2952	61.37463	58.8055	
3.183144	9.805582	66.58456	

35.313	79.87097	75.01908	
26.53171	12.96005	37.87703	
25.34976	61.19922	57.83821	
2.895933	9.782792	66.67717	

35.54271	80.34018	74.26651	
26.46478	12.7023	37.41173	
25.40347	61.02899	56.90745	
2.61975	9.761177	66.76693	

35.77349	80.83386	73.48393	
26.39542	12.43857	36.93416	
25.45392	60.84613	55.95294	
2.33585	9.739218	66.8599	

35.9552	81.25195	72.83463	
26.34225	12.22305	36.54551	
25.47345	60.67226	55.18359	
2.104559	9.721493	66.9365	

36.15671	81.72952	72.09638	
26.27985	11.98148	36.10722	
25.50113	60.47848	54.3129	
1.843306	9.701699	67.02348	

36.34558	82.19376	71.38263	
26.20905	11.74411	35.68394	
25.52106	60.28234	53.48186	
1.592822	9.682945	67.10759	

36.48892	82.55991	70.82264	
26.13794	11.5484	35.34943	
25.52048	60.10993	52.84367	
1.398112	9.668489	67.17358	

36.65701	83.00128	70.15013	
26.05103	11.31662	34.95074	
25.52426	59.90577	52.08005	
1.165516	9.651392	67.25278	

36.83761	83.47961	69.43069	
25.95807	11.07257	34.52414	
25.52997	59.68414	51.25865	
0.9152096	9.63323	67.33874	

37.38347	84.83307	67.52106	
25.73105	10.49197	33.49083	
25.48105	58.96489	48.99525	
0.2079089	9.587124	67.62079	

37.35323	84.85242	67.4457	
25.73578	10.45496	33.39736	
25.47708	58.9615	48.99853	
0.2020058	9.577275	67.63605	

37.31684	84.87564	67.35507	
25.73209	10.42612	33.34549	
25.47229	58.95736	49.00245	
0.1994142	9.56635	67.63171	

37.30914	84.88058	67.33588	
25.74628	10.43512	33.35114	
25.47772	58.96525	48.99983	
0.1997826	9.557788	67.61581	

37.30912	84.88065	67.3358	
25.76718	10.4549	33.37035	
25.48651	58.97721	48.99506	
0.2012912	9.550543	67.59676	

37.30913	84.88068	67.33578	
25.78528	10.4744	33.39395	
25.49451	58.98809	48.99073	
0.2023657	9.545761	67.58521	

37.3091	84.88074	67.33569	
25.79099	10.48663	33.41846	
25.49915	58.99504	48.98854	
0.2024058	9.542752	67.58362	

37.30912	84.88083	67.33565	
25.78711	10.49295	33.44302	
25.50125	58.99894	48.98804	
0.2028895	9.540833	67.58213	

37.3091	84.88086	67.33559	
25.78348	10.49896	33.46645	
25.5032	59.00268	48.98754	
0.203873	9.539824	67.57985	

37.3091	84.88089	67.33556	
25.78006	10.50455	33.48804	
25.50519	59.00642	48.98705	
0.2052323	9.539546	67.57704	

37.30907	84.88095	67.3355	
25.77737	10.50897	33.50526	
25.50711	59.01	48.98658	
0.2067763	9.539788	67.57429	

37.30908	84.88098	67.33544	
25.77548	10.51202	33.51722	
25.50903	59.0136	48.98613	
0.2084104	9.540453	67.5719	

37.30902	84.88116	67.33526	
25.78137	10.50159	33.47771	
25.51666	59.02797	48.9842	
0.2134477	9.54459	67.57419	

37.30677	84.888	67.3311	
25.79272	10.49249	33.44215	
25.51846	59.0313	48.98379	
0.2137257	9.545318	67.57915	

37.30151	84.90387	67.32145	
25.81366	10.4809	33.39587	
25.52014	59.03453	48.98338	
0.2134512	9.545799	67.58633	

37.29423	84.92584	67.30806	
25.84619	10.4588	33.30844	
25.52255	59.03903	48.98278	
0.2120761	9.545857	67.60054	

37.21077	84.89453	67.26748	
25.82843	10.39819	33.19981	
25.54636	59.04338	49.00931	
0.1967406	9.545174	67.61399	

36.55857	84.50479	67.00645	
25.47	10.05951	32.94003	
25.72995	59.05251	49.2338	
0.08327668	9.543501	67.6185	

36.07968	84.2171	66.81424	
25.2088	9.808807	32.73199	
25.86438	59.05849	49.39885	
-0.0008947548	9.541536	67.6256	

35.41478	83.81564	66.54647	
24.84888	9.458069	32.4171	
26.05035	59.06573	49.62825	
0.1190796	9.537733	67.64124	

34.75529	83.44513	66.27235	
24.51605	9.113251	32.0928	
26.2352	59.0739	49.85416	
0.2370911	9.532263	67.66095	

34.15347	83.1073	66.02127	
24.21265	8.803406	31.80021	
26.40335	59.08049	50.0604	
0.3452759	9.525442	67.67907	

33.66278	82.83017	65.81633	
23.96408	8.554077	31.5638	
26.54001	59.08517	50.22875	
0.434021	9.518461	67.69402	

32.9558	82.44489	65.5173	
23.61646	8.200653	31.22856	
26.73709	59.09429	50.46991	
0.5608215	9.50658	67.71594	

30.68846	81.23575	64.54974	
22.52289	7.107147	30.18226	
27.36801	59.12558	51.24135	
0.9621582	9.468956	67.78856	

30.08458	80.91769	64.29097	
22.23486	6.825439	29.90998	
27.53622	59.13397	51.44679	
1.068207	9.459176	67.80837	

29.46477	80.58862	64.02543	
21.93777	6.540466	29.63297	
27.70834	59.14166	51.658	
1.17688	9.449286	67.8289	

28.83344	80.25906	63.75511	
21.6373	6.252686	29.3521	
27.88602	59.1516	51.87343	
1.287415	9.439246	67.85017	

28.21394	79.93283	63.48995	
21.34097	5.974518	29.07895	
28.05978	59.16031	52.08516	
1.395691	9.429507	67.87131	

27.68129	79.65009	63.26199	
21.08496	5.738678	28.84599	
28.20874	59.16699	52.26752	
1.488708	9.421237	67.88953	

27.1336	79.35809	63.0285	
20.81866	5.497437	28.60641	
28.36368	59.17479	52.45594	
1.584625	9.412755	67.90862	

26.59086	79.06693	62.7975	
20.5528	5.260803	28.37009	
28.51782	59.18242	52.64324	
1.679779	9.404417	67.92777	

26.07018	78.78558	62.57573	
20.29663	5.036713	28.14499	
28.66525	59.18901	52.82323	
1.770935	9.396486	67.94624	

25.54767	78.50131	62.35303	
20.03842	4.814636	27.92062	
28.81296	59.19487	53.00425	
1.862335	9.388631	67.96492	

25.04532	78.22818	62.13969	
19.78754	4.601685	27.70432	
28.95734	59.20167	53.17947	
1.950836	9.381052	67.98319	

24.43545	77.8941	61.88039	
19.48157	4.346802	27.44377	
29.13214	59.20897	53.39261	
2.058197	9.37196	68.00549	

23.8485	77.56992	61.63039	
19.18573	4.105164	27.19496	
29.29996	59.21499	53.59822	
2.161377	9.363314	68.02717	

21.60239	76.33459	60.67074	
18.05399	3.207947	26.25593	
29.94751	59.23523	54.39159	
2.558075	9.330886	68.11205	

21.06883	76.04333	60.44202	
17.78577	3.001038	26.03561	
30.10275	59.23934	54.58181	
2.652771	9.32335	68.13267	

20.55491	75.76068	60.22139	
17.52643	2.804474	25.82478	
30.25195	59.24258	54.76542	
2.743958	9.316133	68.15269	

20.03467	75.47241	59.99767	
17.26282	2.608246	25.61273	
30.40259	59.24501	54.95173	
2.836182	9.308924	68.17308	

19.52236	75.19016	59.77705	
17.00385	2.417053	25.40464	
30.55161	59.2473	55.13598	
2.927185	9.301849	68.19335	

18.98298	74.8945	59.54453	
16.73196	2.218018	25.18639	
30.70905	59.24952	55.3307	
3.023132	9.294472	68.21494	

18.51918	74.63843	59.34421	
16.49722	2.049164	24.99981	
30.84418	59.25074	55.49858	
3.105621	9.288172	68.23362	

17.99605	74.34744	59.11784	
16.23151	1.861298	24.79061	
30.99625	59.25134	55.68839	
3.198578	9.281149	68.25481	

17.3929	74.01617	58.85653	
15.92706	1.647034	24.54992	
31.1727	59.252	55.90845	
3.306122	9.273088	68.27954	

16.8686	73.72739	58.62897	
15.66208	1.46344	24.34182	
31.32611	59.25193	56.10047	
3.399658	9.26614	68.30122	

16.39028	73.46185	58.42101	
15.4194	1.298309	24.15302	
31.46576	59.25112	56.27612	
3.484955	9.259851	68.32114	

15.93548	73.20804	58.22288	
15.18808	1.143311	23.97434	
31.59839	59.24975	56.44358	
3.56604	9.253944	68.34017	

15.2932	72.85565	57.94278	
14.86432	0.9266663	23.72228	
31.78693	59.24774	56.68163	
3.681	9.245635	68.36745	

14.81205	72.58929	57.73256	
14.62076	0.7670288	23.5346	
31.92786	59.2454	56.86053	
3.767059	9.239473	68.38805	

12.77474	71.4588	56.83819	
13.58942	0.1134033	22.74745	
32.52475	59.22913	57.6257	
4.132324	9.213856	68.47689	

12.25382	71.1666	56.60834	
13.32458	0.04768346	22.54835	
32.67709	59.22309	57.82316	
4.225861	9.207437	68.50004	

11.59484	70.80292	56.31705	
12.99271	0.2487177	22.29671	
32.87051	59.21476	58.07492	
4.344543	9.199357	68.52971	

11.10116	70.52856	56.0983	
12.74338	0.3967266	22.10906	
33.0152	59.2076	58.26429	
4.433502	9.19339	68.55214	

10.48065	70.18042	55.82264	
12.42862	0.5794419	21.87446	
33.19669	59.19749	58.50323	
4.545319	9.185934	68.58049	

9.874935	69.85571	55.52318	
12.1116	0.7618011	21.63682	
33.3811	59.18623	58.74748	
4.659119	9.178422	68.60964	

9.337817	69.55267	55.29462	
11.84555	0.9121308	21.43816	
33.53574	59.17577	58.95351	
4.754639	9.172195	68.63432	

8.78382	69.23734	55.05811	
11.56995	1.064403	21.23422	
33.69489	59.16401	59.16684	
4.853271	9.165808	68.65993	

8.145958	68.87784	54.77982	
11.25171	1.237877	20.99838	
33.87955	59.1494	59.41556	
4.967743	9.158499	68.68996	

7.668049	68.61133	54.56691	
11.01263	1.366572	20.82079	
34.01901	59.13773	59.60426	
5.05426	9.15302	68.71284	

7.105547	68.29474	54.31568	
10.7301	1.515313	20.61271	
34.1828	59.12295	59.82725	
5.156128	9.146595	68.73994	

6.423043	67.9101	54.00829	
10.38437	1.693234	20.36042	
34.38199	59.10387	60.09976	
5.280151	9.138877	68.7732	

5.855202	67.59473	53.74851	
10.09238	1.841049	20.14937	
34.54913	59.08736	60.32905	
5.384094	9.132495	68.80138	

3.441495	66.24118	52.63157	
8.851929	2.435372	19.25854	
35.26019	59.00622	61.31816	
5.827972	9.105824	68.92404	

2.879775	65.92343	52.36893	
8.564087	2.56568	19.05263	
35.42584	58.98479	61.55171	
5.931732	9.099749	68.95326	

2.303945	65.60239	52.09978	
8.27533	2.695489	18.84174	
35.59628	58.9625	61.79241	
6.038269	9.093569	68.98359	

1.786744	65.31088	51.8573	
8.014862	2.809354	18.65299	
35.74902	58.94141	62.00959	
6.134064	9.088077	69.011	

1.288117	65.02701	51.62282	
7.762726	2.916723	18.47164	
35.89606	58.92006	62.21992	
6.226471	9.082824	69.03764	

0.6730145	64.68173	51.33361	
7.454803	3.046422	18.24788	
36.07806	58.89339	62.48065	
6.340637	9.076357	69.07084	

0.1300913	64.37518	51.07769	
7.182678	3.157965	18.05092	
36.23862	58.86879	62.71202	
6.441528	9.070717	69.10034	

0.4619446	64.03699	50.79763	
6.884613	3.276404	17.83685	
36.41336	58.84062	62.96561	
6.551697	9.064616	69.13284	

1.084808	63.68579	50.50126	
6.573181	3.398058	17.61125	
36.59808	58.81036	63.23441	
6.667938	9.058238	69.16745	

1.700226	63.33716	50.20715	
6.265167	3.514776	17.38871	
36.78064	58.77916	63.50169	
6.783051	9.052001	69.20197	

2.422882	62.92276	49.86029	
5.901947	3.647191	17.12827	
36.99457	58.74062	63.81751	
6.918427	9.044724	69.2429	

5.800507	60.99582	48.21057	
4.216583	4.204144	15.91133	
38.00064	58.54036	65.32845	
7.556671	9.01154	69.44152	

6.500946	60.59778	47.86229	
3.869812	4.306512	15.65887	
38.21045	58.49447	65.6491	
7.690125	9.00479	69.48425	

7.251648	60.16565	47.487	
3.496826	4.410745	15.38898	
38.43494	58.443	65.99541	
7.833496	8.997629	69.53053	

7.907501	59.7883	47.15695	
3.171936	4.497428	15.15314	
38.63141	58.39658	66.30038	
7.959106	8.991455	69.57147	

8.554688	59.41739	46.82924	
2.852783	4.578955	14.92017	
38.82568	58.34951	66.60368	
8.083435	8.98537	69.6124	

9.098206	59.10141	46.55277	
2.583557	4.644034	14.72501	
38.98853	58.30845	66.85998	
8.188049	8.980288	69.64703	

9.71524	58.74658	46.23726	
2.280151	4.714573	14.50283	
39.17416	58.26099	67.15314	
8.307159	8.974583	69.68684	

10.47238	58.3093	45.84797	
1.908295	4.795883	14.2303	
39.40201	58.20073	67.51576	
8.453705	8.967609	69.73627	

13.93704	56.30365	44.05284	
0.2163696	5.093175	12.97949	
40.44968	57.89694	69.22062	
9.131592	8.936211	69.97154	

16.01135	55.09579	42.95594	
0.7846556	5.209974	12.2286	
41.07953	57.69239	70.27679	
9.542572	8.917813	70.11958	

17.03793	54.50244	42.40862	
1.273969	5.250296	11.85549	
41.3927	57.58506	70.8101	
9.747528	8.908779	70.19508	

17.8429	54.03284	41.97693	
1.657236	5.273489	11.56304	
41.63812	57.49736	71.23309	
9.908875	8.901737	70.2552	

18.69833	53.5368	41.51686	
2.061303	5.290095	11.25149	
41.8996	57.40137	71.6876	
10.08112	8.894281	70.32014	

21.76331	51.76065	39.85699	
3.489895	5.278694	10.13207	
42.83884	57.03016	73.35894	
10.7041	8.867728	70.56148	

22.54678	51.30673	39.4304	
3.850127	5.257571	9.845298	
43.07935	56.92809	73.79728	
10.86487	8.860991	70.62544	

23.24664	50.90674	39.05027	
4.168151	5.232249	9.588448	
43.2948	56.83478	74.19279	
11.009	8.854967	70.68343	

23.87137	50.5433	38.70879	
4.452734	5.204486	9.359738	
43.48651	56.74888	74.54889	
11.13806	8.849576	70.73569	

24.45172	50.21719	38.39475	
4.711991	5.174282	9.146149	
43.6658	56.66824	74.88255	
11.25839	8.844544	70.785	

25.10919	49.84045	38.0366	
5.006555	5.134868	8.904867	
43.8681	56.57414	75.26362	
11.39502	8.838869	70.84139	

25.67209	49.52182	37.73113	
5.256159	5.096684	8.697972	
44.04169	56.49203	75.59258	
11.51233	8.834002	70.89025	

26.27844	49.18176	37.40313	
5.522675	5.050971	8.474918	
44.22888	56.40192	75.94978	
11.63907	8.828736	70.94348	

29.11063	47.61017	35.87947	
6.742304	4.773289	7.434308	
45.10281	55.95505	77.65698	
12.23566	8.804039	71.20027	

29.65854	47.30829	35.58621	
6.973647	4.70725	7.233563	
45.27151	55.86348	77.99464	
12.35193	8.799214	71.25151	

30.20297	47.01608	35.2985	
7.204127	4.604286	6.991548	
45.43958	55.77102	78.33297	
12.46985	8.794724	71.31751	

30.87976	46.65479	34.94231	
7.492972	4.428307	6.640166	
45.64819	55.65362	78.75701	
12.62	8.787534	71.41835	

31.25494	46.42191	34.72859	
7.677861	4.494721	6.650006	
45.73569	55.55667	79.00851	
12.70029	8.775597	71.40625	

30.36539	46.52396	35.00495	
7.861186	4.847229	7.217413	
45.09869	55.31198	78.64243	
12.57007	8.737221	71.20231	

29.51953	46.61469	35.27033	
8.001945	5.397277	8.051741	
44.49094	55.07545	78.29414	
12.43829	8.694953	70.9449	

28.81042	46.70294	35.49057	
8.100698	5.925229	8.858913	
43.98041	54.88063	77.99302	
12.32968	8.658694	70.76003	

25.38116	47.15958	36.57544	
8.548863	7.988589	12.40573	
41.49384	53.92588	76.49481	
11.79733	8.459091	69.85905	

24.59381	47.27444	36.82818	
8.636094	8.419747	13.22461	
40.91956	53.70459	76.13998	
11.67291	8.408302	69.65032	

23.97388	47.37317	37.02628	
8.698788	8.754824	13.8779	
40.46744	53.53217	75.85489	
11.57336	8.367067	69.48515	

23.37851	47.46985	37.217	
8.754977	9.071377	14.51117	
40.03281	53.36603	75.57905	
11.47723	8.326664	69.32617	

22.68408	47.57959	37.44125	
8.816541	9.432326	15.25588	
39.52487	53.16965	75.25737	
11.36548	8.278721	69.14058	

22.0574	47.69073	37.64047	
8.865541	9.754774	15.93554	
39.0679	52.99626	74.95959	
11.26224	8.234451	68.97219	

21.4021	47.80328	37.85086	
8.913367	10.08376	16.65136	
38.58899	52.81192	74.64888	
11.15466	8.187626	68.796	

20.73639	47.92178	38.06341	
8.956738	10.41166	17.38464	
38.10309	52.6254	74.32968	
11.04437	8.139404	68.61649	

16.97534	48.64334	39.24576	
9.112542	12.13162	21.62353	
35.37079	51.5737	72.47647	
10.40491	7.860165	67.59523	

16.38007	48.76205	39.43053	
9.124727	12.38157	22.30709	
34.94046	51.40622	72.17746	
10.30154	7.815728	67.43263	

15.6926	48.90393	39.63987	
9.133963	12.6631	23.09956	
34.44629	51.21499	71.82841	
10.18063	7.764642	67.24463	

15.01593	49.04529	39.84424	
9.138915	12.93198	23.8829	
33.96127	51.02681	71.48289	
10.06076	7.714658	67.05933	

14.38193	49.17599	40.03659	
9.140901	13.1757	24.61995	
33.50684	50.8485	71.15914	
9.948151	7.668217	66.88544	

13.75317	49.31253	40.22029	
9.137947	13.41117	25.35214	
33.06079	50.67607	70.83327	
9.834473	7.622621	66.713	

13.16943	49.43661	40.39283	
9.133574	13.62259	26.03456	
32.64606	50.51328	70.53154	
9.728912	7.580797	66.55265	

9.599121	50.21719	41.40001	
9.053764	14.77421	30.2338	
30.14975	49.52856	68.65749	
9.065918	7.336582	65.57092	

8.896423	50.37531	41.58478	
9.028384	14.97136	31.06215	
29.66946	49.33928	68.28273	
8.932404	7.289534	65.37837	

8.210907	50.52707	41.76664	
9.00242	15.15401	31.87236	
29.2009	49.15176	67.91777	
8.802155	7.243682	65.19039	

7.566315	50.6705	41.9332	
8.97599	15.31691	32.63388	
28.76404	48.97704	67.57317	
8.679016	7.200684	65.01399	

6.858276	50.82886	42.11142	
8.944881	15.48606	33.46975	
28.28821	48.78676	67.19315	
8.542999	7.153574	64.82067	

5.520081	51.12604	42.44054	
8.88258	15.77712	35.04941	
27.39706	48.42749	66.47333	
8.284698	7.064946	64.45612	

2.097717	51.87308	43.21332	
8.711136	16.34879	39.07589	
25.17786	47.5221	64.62064	
7.616028	6.840891	63.53079	

1.336182	52.03381	43.37122	
8.673314	16.44234	39.9701	
24.6937	47.321	64.20712	
7.466003	6.791518	63.32591	

0.5256348	52.20908	43.53298	
8.632006	16.52855	40.91725	
24.20197	47.12471	63.75993	
7.305023	6.739291	63.10909	

0.3057122	52.38712	43.70094	
8.591164	16.60357	41.88933	
23.70206	46.92327	63.30105	
7.139771	6.685886	62.88655	

0.9467449	52.52774	43.82481	
8.558939	16.65301	42.63759	
23.27435	46.73169	62.95842	
7.011169	6.644785	62.71527	

1.709616	52.69574	43.9708	
8.521375	16.70201	43.52813	
22.80676	46.53575	62.53836	
6.857544	6.595995	62.51144	

2.304994	52.82599	44.08516	
8.493376	16.73274	44.22361	
22.4425	46.38116	62.21065	
6.737549	6.557967	62.35218	

6.06738	53.67426	44.7193	
8.335024	16.78454	48.6031	
20.20355	45.42891	60.1109	
5.96405	6.31967	61.34859	

6.901034	53.86523	44.84488	
8.308094	16.76333	49.57018	
19.7197	45.22034	59.64132	
5.790039	6.267365	61.12667	

7.727325	54.05524	44.96447	
8.285434	16.73101	50.52727	
19.24445	45.0143	59.17466	
5.616791	6.215683	60.90692	

8.475142	54.22876	45.06629	
8.268403	16.69238	51.39159	
18.81927	44.82983	58.75063	
5.458984	6.169117	60.70833	

9.132084	54.38019	45.15725	
8.256903	16.65068	52.15112	
18.44601	44.66524	58.37867	
5.320404	6.128277	60.53365	

9.900603	54.56097	45.24957	
8.247018	16.59411	53.03524	
18.01855	44.47964	57.93984	
5.156494	6.080841	60.3303	

10.58397	54.72043	45.33456	
8.24231	16.53568	53.8219	
17.63803	44.31108	57.55066	
5.010956	6.038667	60.14913	

14.17847	55.57224	45.70357	
8.286012	16.11675	57.9294	
15.69647	43.45171	55.48524	
4.229797	5.819867	59.2014	

14.84812	55.72552	45.76239	
8.308986	16.01782	58.69772	
15.34076	43.29727	55.09177	
4.077271	5.779159	59.02399	

15.57358	55.88953	45.82703	
8.339383	15.90308	59.53152	
14.95551	43.12841	54.66442	
3.910889	5.735043	58.83121	

16.27279	56.10294	45.84813	
8.370364	15.79576	60.26587	
14.61761	42.9791	54.28703	
3.763641	5.696257	58.66113	

16.96441	56.2522	45.90565	
8.408253	15.67144	61.0723	
14.25119	42.81909	53.86811	
3.599731	5.653724	58.47411	

17.5792	56.38242	45.96048	
8.446733	15.55466	61.79124	
13.92413	42.6734	53.49539	
3.453674	5.615854	58.30702	

18.2124	56.53323	45.99959	
8.487691	15.43163	62.51509	
13.59924	42.52858	53.11655	
3.306152	5.577746	58.13832	

18.94487	56.71814	46.03518	
8.538683	15.28436	63.34191	
13.23059	42.36253	52.68196	
3.13736	5.534293	57.94508	

22.42531	57.64905	46.12302	
8.854272	14.49895	67.22913	
11.5347	41.5809	50.60822	
2.334869	5.330668	57.02979	

23.10971	57.83627	46.13146	
8.932938	14.32756	67.99103	
11.20718	41.42619	50.19699	
2.175293	5.290898	56.84902	

23.81975	58.03381	46.12535	
9.021323	14.14495	68.77811	
10.87543	41.27284	49.76582	
2.007568	5.24988	56.66207	

24.63403	58.26129	46.12066	
9.130754	13.9285	69.67959	
10.49466	41.09278	49.27236	
1.81543	5.202963	56.44718	

25.35705	58.46622	46.1059	
9.235682	13.73079	70.47729	
10.16235	40.93699	48.83101	
1.643188	5.161507	56.25666	

26.11815	58.68402	46.08671	
9.353834	13.51688	71.31504	
9.814972	40.77263	48.36548	
1.461243	5.118008	56.05587	

26.81901	58.88678	46.06557	
9.46955	13.31469	72.08485	
9.497131	40.62093	47.93591	
1.29306	5.078092	55.8708	

27.55559	59.10403	46.0316	
9.598269	13.09711	72.89162	
9.168701	40.46595	47.48099	
1.11441	5.036288	55.67632	

31.05155	60.1781	45.79754	
10.31367	11.99465	76.6942	
7.645599	39.73618	45.30679	
0.254303	4.83973	54.75022	

31.75165	60.4028	45.73587	
10.47833	11.76076	77.45017	
7.347382	39.5909	44.86852	
0.07962036	4.800725	54.56412	

32.65349	60.6994	45.6382	
10.70151	11.45333	78.42075	
6.970642	39.41055	44.29973	
0.1482488	4.750674	54.32417	

33.30347	60.9166	45.56519	
10.86996	11.22765	79.11822	
6.700195	39.2791	43.88959	
0.3128611	4.714722	54.15097	

33.94648	61.13519	45.48631	
11.04315	11.00098	79.80656	
6.435211	39.15046	43.48257	
0.4767947	4.679243	53.97933	

34.75272	61.41525	45.37497	
11.26957	10.71208	80.66708	
6.107666	38.99288	42.96963	
0.6842315	4.634914	53.7639	

35.35792	61.62851	45.29143	
11.44613	10.49205	81.31125	
5.861542	38.87172	42.58508	
0.8398824	4.601753	53.60183	

36.16339	61.91763	45.17345	
11.67869	10.19699	82.22707	
5.541626	38.71858	42.06966	
1.049252	4.560127	53.40832	

38.21215	63.42667	44.52229	
12.027	9.766908	84.20979	
6.036926	41.29637	42.145	
2.286921	4.435897	53.22499	

38.49745	63.75089	44.38085	
12.0291	9.755801	84.47845	
6.295013	42.08546	42.34711	
2.567209	4.420519	53.25891	

38.75362	64.0426	44.2562	
12.03147	9.745606	84.72012	
6.521271	42.79052	42.52817	
2.82305	4.408399	53.28954	

39.08564	64.42395	44.09207	
12.03477	9.732047	85.03404	
6.818573	43.70686	42.75587	
3.157342	4.394733	53.32934	

39.32536	64.69968	43.97589	
12.03765	9.722032	85.26102	
7.0271	44.36451	42.92017	
3.402743	4.386151	53.35829	

39.60176	65.02026	43.8396	
12.04114	9.710276	85.52334	
7.27124	45.12517	43.104	
3.687139	4.377451	53.39172	

39.83276	65.28891	43.72689	
12.04449	9.700274	85.74287	
7.47113	45.75837	43.257	
3.927844	4.371015	53.41985	

41.37468	67.11597	42.96365	
12.07315	9.629	87.21783	
8.784668	49.97493	44.22002	
5.578457	4.338634	53.61031	

41.65429	67.45355	42.8232	
12.07969	9.615227	87.48714	
9.016144	50.73633	44.38524	
5.88562	4.333058	53.64532	

41.9534	67.81717	42.67157	
12.08713	9.600235	87.7759	
9.262604	51.55059	44.55817	
6.216122	4.326618	53.68284	

42.16589	68.07715	42.56282	
12.09268	9.589411	87.98148	
9.43692	52.12897	44.67859	
6.452127	4.321598	53.70953	

42.42477	68.39502	42.43021	
12.09986	9.576	88.23242	
9.644867	52.8312	44.82467	
6.741759	4.314772	53.7421	

42.66469	68.69217	42.30503	
12.10669	9.563333	88.46544	
9.840424	53.48422	44.95518	
7.01017	4.307642	53.77223	

44.15585	70.57684	41.50323	
12.15723	9.480435	89.92535	
10.99948	57.52064	45.73114	
8.727754	4.264792	53.96196	

44.46939	70.98349	41.32631	
12.16936	9.461954	90.23503	
11.2384	58.36982	45.88198	
9.098333	4.257043	54.00244	

44.78877	71.40067	41.14368	
12.1826	9.442828	90.55148	
11.47263	59.23041	46.03582	
9.481656	4.249616	54.04406	

44.99646	71.67474	41.02243	
12.19136	9.430182	90.75794	
11.62732	59.79253	46.13145	
9.731814	4.245034	54.07118	

45.32777	72.11487	40.82628	
12.20617	9.409675	91.08823	
11.89777	60.72197	46.26322	
10.13634	4.238183	54.11488	

46.48206	73.68475	40.11245	
12.26287	9.335051	92.24857	
12.67429	63.79726	46.78274	
11.57843	4.218289	54.26945	

46.74653	74.05264	39.94249	
12.27697	9.317265	92.51646	
12.85544	64.51102	46.88873	
11.91576	4.214638	54.30542	

46.97438	74.34909	39.81816	
12.26212	9.301386	92.94354	
13.02292	65.1963	46.99166	
12.24879	4.209222	54.28918	

47.22141	74.66992	39.68443	
12.28127	9.285714	93.21104	
13.20862	65.952	47.09944	
12.61283	4.206331	54.33368	

47.23092	74.94861	40.04818	
12.1398	9.274185	92.53481	
13.39645	66.17326	47.03632	
12.59601	4.210654	54.6022	

47.16687	75.2851	40.66292	
11.96396	9.259603	91.06135	
13.62927	66.26534	46.90122	
12.43962	4.222325	55.10714	

47.10744	75.56403	41.20184	
11.8079	9.242826	89.80267	
13.83002	66.34492	46.7829	
12.30457	4.232094	55.53901	

46.47956	76.63663	44.79421	
10.73546	9.09486	82.93283	
14.99503	66.7991	46.01932	
11.50917	4.279691	57.91908	

46.30409	76.79871	45.63163	
10.49275	9.048639	81.41708	
15.24579	66.89577	45.84044	
11.33341	4.289658	58.44407	

46.13709	76.92697	46.3895	
10.27321	9.002571	80.06122	
15.46771	66.98072	45.67682	
11.17607	4.298444	58.91367	

45.96439	77.03809	47.14022	
10.05582	8.953111	78.73235	
15.68314	67.06266	45.51323	
11.02173	4.306915	59.37393	

45.80731	77.14456	47.82999	
9.854085	8.903333	77.50618	
15.88135	67.13851	45.36147	
10.87936	4.314566	59.79866	

45.59547	77.25427	48.69407	
9.599481	8.835959	75.98602	
16.12271	67.22883	45.16694	
10.70256	4.3239	60.3252	

45.45111	77.33871	49.29816	
9.41944	8.784943	74.91628	
16.29257	67.29317	45.02999	
10.57815	4.330353	60.69584	

44.35488	77.73123	53.36546	
8.173493	8.364778	67.8284	
17.38123	67.69432	44.07267	
9.751524	4.370798	63.15379	

44.11463	77.77255	54.15977	
7.924142	8.27033	66.46987	
17.58319	67.76677	43.88047	
9.592568	4.378089	63.62575	

43.79851	77.82452	55.18991	
7.596564	8.141989	64.70849	
17.84329	67.86009	43.62882	
9.386247	4.387319	64.23822	

43.52511	77.84952	56.03074	
7.326702	8.033861	63.28178	
18.05063	67.93308	43.421	
9.218835	4.394599	64.73487	

43.15559	77.87958	57.13791	
6.965013	7.885575	61.40253	
18.32123	68.02793	43.14412	
8.998003	4.403927	65.3898	

42.80742	77.89685	58.1343	
6.633306	7.747247	59.71484	
18.56085	68.11077	42.89142	
8.799331	4.412075	65.97878	

41.27892	77.91241	62.08366	
5.244042	7.145326	53.00813	
19.48212	68.4179	41.85335	
8.006434	4.441969	68.32778	

40.96081	77.89813	62.81359	
4.970328	7.019372	51.76426	
19.64603	68.46908	41.6542	
7.8587	4.4471	68.76505	

40.64922	77.89142	63.53304	
4.696208	6.891202	50.5343	
19.80795	68.52021	41.4566	
7.712441	4.452003	69.19811	

40.33853	77.88232	64.23136	
4.425933	6.763327	49.33768	
19.96384	68.56859	41.26276	
7.569914	4.456672	69.62003	

39.95824	77.86301	65.04865	
4.104038	6.609456	47.93447	
20.14362	68.62246	41.03279	
7.402429	4.461962	70.11573	

39.62415	77.85519	65.77435	
3.813692	6.468934	46.68406	
20.30383	68.67126	40.82727	
7.252946	4.466518	70.55829	

39.21173	77.8262	66.60182	
3.47903	6.30708	45.25348	
20.48206	68.7216	40.58842	
7.081519	4.471554	71.06566	

36.82082	77.71228	71.03565	
1.590986	5.384743	37.43385	
21.42355	68.97019	39.25211	
6.137791	4.495562	73.85981	

36.37175	77.69275	71.7586	
1.255727	5.220531	36.11546	
21.57364	69.00346	39.02077	
5.977545	4.498985	74.33447	

35.88395	77.68491	72.55592	
0.88007	5.03418	34.65824	
21.74014	69.04158	38.76435	
5.79999	4.502557	74.86053	

35.37556	77.67249	73.31116	
0.5017153	4.848507	33.24415	
21.89609	69.07205	38.51307	
5.627356	4.505801	75.37221	

34.96003	77.67188	73.93433	
0.184384	4.691368	32.07477	
22.02533	69.09799	38.30452	
5.484256	4.508317	75.79654	

34.46605	77.67279	74.6296	
0.1828308	4.511801	30.744	
22.16891	69.12352	38.06568	
5.321063	4.510985	76.28049	

31.64839	77.78949	78.15353	
2.235138	3.518607	23.67676	
22.89673	69.22005	36.77657	
4.448295	4.523478	78.87395	

31.13844	77.83185	78.72923	
2.603088	3.340877	22.46997	
23.01746	69.2331	36.55159	
4.298169	4.5257	79.3212	

30.52682	77.88712	79.36531	
3.029877	3.137742	21.09521	
23.15903	69.25607	36.28504	
4.12681	4.528193	79.83211	

29.96259	77.94916	79.96201	
3.434082	2.94218	19.81073	
23.29199	69.27878	36.03491	
3.966176	4.530592	80.31139	

29.48918	78.00751	80.39767	
3.751587	2.790447	18.79916	
23.39551	69.29605	35.83411	
3.839445	4.532465	80.68987	

28.89594	78.08942	80.94545	
4.155396	2.594415	17.5271	
23.52618	69.31867	35.58019	
3.67948	4.534809	81.16784	

28.31882	78.17868	81.43056	
4.533783	2.401398	16.29467	
23.63989	69.3248	35.34782	
3.527215	4.537136	81.63342	

27.19012	78.39001	82.4903	
5.298431	2.02493	13.93282	
23.8587	69.31944	34.88094	
3.22029	4.537534	82.52905	

27.19008	78.38995	82.49046	
5.299652	2.024635	13.93286	
23.8457	69.2962	34.89295	
3.219046	4.536486	82.52892	

27.19005	78.38992	82.4906	
5.30072	2.024395	13.93288	
23.83432	69.2758	34.90346	
3.218013	4.535847	82.52877	

27.19002	78.38986	82.49075	
5.301605	2.024163	13.93288	
23.82578	69.2604	34.91122	
3.217127	4.5354	82.52869	

27.18997	78.38983	82.49088	
5.302551	2.023923	13.9329	
23.82343	69.25524	34.91256	
3.216205	4.53512	82.5286	

27.18995	78.38983	82.49101	
5.303375	2.023737	13.93293	
23.82138	69.25073	34.91372	
3.215417	4.534981	82.52856	

27.18978	78.38968	82.49165	
5.308044	2.02259	13.93299	
23.80991	69.22536	34.92026	
3.211201	4.535675	82.52824	

27.18977	78.38968	82.49173	
5.308899	2.022399	13.93299	
23.80786	69.22083	34.92142	
3.21047	4.535981	82.52818	

27.18973	78.38965	82.49187	
5.309753	2.022183	13.933	
23.80573	69.2161	34.92266	
3.209722	4.536333	82.52817	

27.18966	78.38962	82.49193	
5.310455	2.021997	13.93303	
23.80402	69.21236	34.92361	
3.20913	4.536634	82.52811	

27.18966	78.38959	82.49202	
5.311157	2.021841	13.93302	
23.80231	69.2086	34.92459	
3.208525	4.536949	82.52811	

27.18962	78.38959	82.49213	
5.311829	2.021665	13.93305	
23.80054	69.20469	34.92559	
3.207895	4.537275	82.52804	

27.1896	78.38953	82.49229	
5.312805	2.021443	13.93308	
23.79825	69.1996	34.9269	
3.207098	4.537689	82.52801	

27.1894	78.38934	82.49287	
5.317413	2.020322	13.93319	
23.78693	69.17464	34.93329	
3.203064	4.539258	82.52774	

27.18939	78.38928	82.493	
5.318268	2.020118	13.93327	
23.78482	69.17002	34.93449	
3.202268	4.539351	82.52769	

27.17385	78.3891	82.45943	
5.317596	2.013157	13.89929	
23.78244	69.16473	34.93585	
3.199563	4.523778	82.52355	

27.11975	78.38843	82.3419	
5.307343	1.966853	13.66593	
23.77997	69.15926	34.93724	
3.186064	4.416832	82.49547	

27.15289	78.34723	82.2042	
5.350159	2.013191	14.05902	
23.81265	69.15073	34.9289	
3.17407	4.59399	82.53925	

27.68428	78.03558	81.72087	
5.60379	2.055985	15.65197	
24.07849	69.11216	34.85751	
3.004932	5.296607	82.70096	

30.34312	76.36862	78.06004	
6.964844	1.43242	26.28207	
25.69302	68.93521	34.37214	
1.973025	10.07764	83.66075	

30.69965	76.12891	77.4128	
7.147369	1.171266	27.95256	
25.93973	68.89218	34.29833	
1.796762	10.84111	83.78907	

31.0922	75.86325	76.66935	
7.330597	0.8298186	29.84816	
26.21802	68.84213	34.21456	
1.593837	11.71013	83.92731	

31.42452	75.62329	75.97365	
7.474335	0.4811802	31.58122	
26.47049	68.79393	34.13754	
1.40529	12.50694	84.04687	

31.70786	75.43243	75.40097	
7.574951	0.162694	33.00974	
26.67838	68.75482	34.07444	
1.248222	13.16464	84.14047	

32.05455	75.15247	74.55787	
7.713318	0.3399048	35.04969	
26.97205	68.69441	33.98342	
1.020406	14.10492	84.26625	

33.45554	73.90497	70.66599	
7.9039	3.204193	44.20766	
28.27838	68.41096	33.57713	
0.04446411	18.32803	84.71778	

33.67363	73.64819	69.89732	
7.849274	3.855804	45.96528	
28.52728	68.3532	33.49953	
0.2568359	19.13685	84.78329	

33.92186	73.3504	69.0038	
7.742279	4.645599	47.99281	
28.81482	68.28622	33.41014	
0.5051575	20.06849	84.85039	

34.13012	73.05109	68.1557	
7.597321	5.424561	49.90482	
29.08578	68.22173	33.3256	
0.7425232	20.94546	84.90545	

34.35442	72.71808	67.21993	
7.385223	6.315247	51.99727	
29.38336	68.15067	33.23291	
1.006104	21.90324	84.95652	

34.48213	72.48553	66.60079	
7.21759	6.920654	53.37354	
29.57904	68.10317	33.17119	
1.181458	22.53181	84.98494	

35.14186	70.77164	62.37473	
5.450378	11.33173	62.54633	
30.90262	67.77831	32.74568	
2.400116	26.68389	85.06741	

35.23552	70.34552	61.43703	
4.901398	12.36691	64.53573	
31.19666	67.70586	32.64898	
2.677643	27.57351	85.06044	

35.31576	69.84109	60.3905	
4.215271	13.54291	66.73874	
31.52643	67.62471	32.53946	
2.991394	28.55281	85.0422	

35.36763	69.26727	59.29465	
3.406647	14.7999	69.03374	
31.87537	67.53922	32.42175	
3.326111	29.56565	85.01142	

35.41042	68.74323	58.31973	
2.612305	15.9274	71.04248	
32.18658	67.46391	32.31629	
3.626526	30.44535	84.97439	

35.36124	66.36151	54.41465	
1.362321	20.54349	79.1225	
33.46201	67.18086	31.8624	
4.897552	33.73467	84.78233	

35.32808	65.85736	53.64668	
2.24051	21.44421	80.54995	
33.72244	67.14001	31.76233	
5.144043	34.34656	84.71596	

36.25438	65.7962	54.23314	
2.146564	24.04529	79.70023	
33.90213	67.27295	32.09214	
4.933228	35.40401	84.41846	

36.96239	65.82486	54.83184	
1.698604	25.82541	78.48547	
33.99316	67.38152	32.36199	
4.685333	36.12327	84.15738	

37.72277	65.8114	55.52294	
1.32445	27.83569	77.57339	
34.10071	67.514	32.64709	
4.438049	36.92678	83.92055	

38.42664	65.77954	56.18449	
0.9582921	29.7124	76.80569	
34.20273	67.63948	32.91181	
4.203308	37.672	83.70615	

42.67366	64.77856	61.09707	
1.030212	40.6871	73.43822	
34.89667	68.48732	34.56281	
2.725555	41.44785	82.5111	

43.44861	64.42657	62.21252	
1.235016	42.53723	73.0455	
35.03613	68.65165	34.89216	
2.444092	41.98125	82.30304	

44.1096	64.03177	63.29951	
1.23407	43.92041	72.79142	
35.16156	68.79588	35.19638	
2.224213	42.36297	82.14989	

44.62167	63.69452	64.18417	
1.211914	44.99405	72.60398	
35.26138	68.90957	35.43799	
2.045807	42.57333	82.01659	

44.58973	63.75833	64.6251	
1.516998	45.423	72.67968	
35.21588	69.26958	35.84788	
1.55011	42.67583	81.95982	

43.79535	64.42404	64.5891	
2.392151	45.09778	73.14319	
34.96329	70.11327	36.62458	
0.4223328	42.65173	81.96999	

40.72769	67.02618	63.96157	
5.646667	43.99756	74.95724	
33.94296	73.22089	39.4791	
3.742406	42.0549	82.08834	

39.71222	67.86127	63.7445	
6.712097	43.67468	75.54604	
33.51685	74.09464	40.4359	
5.127364	41.95741	82.13155	

39.08892	68.36957	63.61528	
7.36615	43.48547	75.90542	
33.25409	74.62589	41.0185	
5.97907	41.90546	82.15702	

38.4528	68.88416	63.46285	
8.02829	43.29987	76.26804	
32.95581	75.12267	41.61055	
6.845188	41.85913	82.18469	

37.91725	69.31442	63.34442	
8.586731	43.14883	76.573	
32.71289	75.55038	42.10593	
7.575871	41.82473	82.20679	

37.25898	69.83997	63.17683	
9.267761	42.96982	76.94399	
32.38281	76.0327	42.70748	
8.471013	41.78908	82.23588	

34.44919	72.03586	62.42883	
12.14758	42.28281	78.50584	
30.87018	77.95705	45.18645	
12.28482	41.71502	82.367	

33.87487	72.47534	62.26306	
12.729	42.1568	78.8206	
30.53183	78.31766	45.66942	
13.06197	41.716	82.3969	

33.24805	72.95102	62.08453	
13.36166	42.02466	79.16315	
30.16061	78.70927	46.18897	
13.90919	41.72318	82.42996	

32.63663	73.4126	61.89278	
13.97403	41.90024	79.49466	
29.77194	79.06453	46.67655	
14.73346	41.73677	82.46434	

32.0171	73.87469	61.71033	
14.59329	41.77997	79.83041	
29.38727	79.43327	47.16896	
15.56743	41.75668	82.4991	

31.53589	74.23303	61.55328	
15.07095	41.68903	80.08933	
29.06674	79.69922	47.5333	
16.21359	41.77669	82.52729	

30.82119	74.75961	61.32357	
15.77734	41.55972	80.4729	
28.58881	80.09209	48.06586	
17.17072	41.81354	82.56995	

30.19439	75.21722	61.1212	
16.39383	41.45139	80.80823	
28.16312	80.43081	48.51981	
18.0077	41.85281	82.608	

26.42958	77.89343	59.79226	
20.0209	40.88525	82.79551	
25.35428	82.24487	50.88348	
22.96826	42.22537	82.8513	

25.72483	78.37872	59.53439	
20.68604	40.7948	83.16387	
24.79401	82.55511	51.26377	
23.88232	42.32096	82.89938	

24.93506	78.92102	59.22368	
21.42529	40.69635	83.57401	
24.13074	82.8748	51.64191	
24.90013	42.43716	82.95274	

24.31345	79.34	58.99085	
22.00357	40.62436	83.89696	
23.61526	83.13042	51.9394	
25.69652	42.53604	82.99653	

23.51365	79.8811	58.65909	
22.74188	40.53235	84.30928	
22.90982	83.42843	52.25827	
26.71434	42.67127	83.05058	

22.92319	80.27252	58.42655	
23.28329	40.46957	84.61393	
22.39603	83.6521	52.49636	
27.46086	42.77819	83.09268	

19.51596	82.49127	56.94903	
26.34277	40.13846	86.35188	
19.25098	84.8086	53.43773	
31.6778	43.49444	83.32802	

18.79123	82.94724	56.61354	
26.97653	40.07385	86.71548	
18.5535	85.02865	53.54425	
32.54906	43.66671	83.37516	

18.01756	83.42261	56.26632	
27.64661	40.0101	87.10318	
17.8125	85.26134	53.65326	
33.46967	43.85968	83.42845	

17.34463	83.83029	55.9463	
28.22168	39.95309	87.43549	
17.15302	85.44956	53.69023	
34.25758	44.03098	83.46931	

16.78292	84.16321	55.68911	
28.69812	39.90912	87.71313	
16.60635	85.60592	53.72596	
34.9101	44.17976	83.50639	

16.09391	84.57019	55.35747	
29.27808	39.85385	88.05093	
15.92474	85.78844	53.72401	
35.70199	44.36581	83.54749	

15.39335	84.97754	55.01833	
29.86246	39.79932	88.39292	
15.22781	85.96716	53.70062	
36.49845	44.56089	83.58902	

10.73479	84.64169	51.82939	
32.63367	39.11417	88.07626	
10.50201	85.0051	51.33488	
39.61978	44.40638	82.70925	

9.396052	83.85278	50.71751	
33.23209	38.82266	87.35925	
9.170929	84.20341	50.24311	
40.02628	43.97666	82.14556	

7.921117	82.97717	49.50077	
33.89087	38.48679	86.5918	
7.741943	83.26253	49.05275	
40.438	43.43867	81.45923	

6.727222	82.24457	48.50702	
34.42599	38.20575	85.95937	
6.582977	82.48273	48.07733	
40.77191	42.98309	80.89182	

5.389246	81.44989	47.41776	
35.05731	37.87531	85.25665	
5.251587	81.66827	47.00228	
41.2059	42.50044	80.31717	

4.123733	80.66534	46.37363	
35.65143	37.55399	84.57653	
3.992767	80.86549	45.97094	
41.60899	42.01699	79.74953	

2.966905	79.95953	45.42894	
36.21432	37.2486	83.95292	
2.840729	80.143	45.03697	
41.99392	41.56991	79.23639	

4.242767	75.45886	39.53524	
39.9436	35.12396	79.86752	
4.343984	75.54573	39.19712	
44.54693	38.50766	75.87244	

5.667816	74.54315	38.35986	
40.72269	34.65674	79.00614	
5.763372	74.61353	38.03094	
45.08098	37.84143	75.15878	

7.120819	73.6427	37.17524	
41.55133	34.16077	78.11158	
7.209488	73.69849	36.85683	
45.65674	37.15295	74.42845	

8.390198	72.82095	36.11877	
42.27347	33.71399	77.30355	
8.473486	72.86313	35.8097	
46.15445	36.52341	73.75741	

9.863068	71.95929	34.82503	
43.18558	33.15451	76.31125	
9.944776	71.97892	34.51905	
46.79396	35.7589	72.94785	

11.07269	71.14951	33.92007	
43.87534	32.71579	75.52929	
11.15435	71.14917	33.61819	
47.27374	35.15075	72.29836	

18.4137	66.771	28.09136	
48.57819	29.63925	70.12228	
18.46067	66.68049	27.79992	
50.63432	31.0521	67.84473	

19.47012	66.17175	27.28353	
49.28778	29.15198	69.26337	
19.50947	66.06921	26.99298	
51.15112	30.4182	67.13289	

20.79648	65.46878	26.30986	
50.20038	28.52362	68.15483	
20.825	65.35123	26.02018	
51.82343	29.61264	66.21774	

21.92841	64.86594	25.48774	
50.97925	27.97379	67.17981	
21.94693	64.73566	25.19847	
52.39915	28.91048	65.40816	

22.94681	64.379	24.79568	
51.69888	27.46808	66.28108	
22.95519	64.23711	24.50644	
52.93667	28.27586	64.67051	

28.46542	62.0986	21.50385	
55.64966	24.55966	61.03003	
28.40331	61.8939	21.20983	
55.92113	24.75445	60.47187	

29.65988	61.76752	20.98121	
56.5304	23.88031	59.76736	
29.57499	61.53751	20.6706	
56.57565	23.94175	59.49495	

30.60248	61.53748	20.61048	
57.22211	23.33206	58.74499	
30.49751	61.28214	20.28013	
57.09088	23.29779	58.71512	

30.98773	61.49438	20.39196	
57.4946	22.66699	57.66312	
30.87428	61.23046	20.05626	
57.28215	22.61381	57.79504	

30.18466	61.89557	20.47255	
56.93274	21.53934	55.98219	
30.08777	61.6598	20.16401	
56.70044	21.46638	56.17164	

29.53491	62.21625	20.53147	
56.45657	20.72003	54.79153	
29.44929	61.99991	20.2412	
56.2671	20.71384	55.01833	

25.70639	64.02557	20.70908	
53.49783	16.63718	48.76108	
25.65596	63.8782	20.47387	
53.42074	16.60342	48.72087	

25.09167	64.3056	20.71524	
52.996	16.02399	47.81329	
25.04583	64.16696	20.4866	
52.9244	15.99392	47.77758	

24.40918	64.61279	20.7121	
52.43011	15.36328	46.7822	
24.36802	64.48279	20.48998	
52.36426	15.3372	46.75114	

23.77066	64.90329	20.70234	
51.89673	14.76917	45.8447	
23.73278	64.78254	20.48486	
51.83572	14.74571	45.81704	

22.93311	65.31372	20.63128	
51.21387	14.04489	44.6892	
22.90528	65.19363	20.42685	
51.15877	14.02525	44.66594	

22.31848	65.53955	20.66694	
50.64383	13.47049	43.76069	
22.29014	65.43254	20.4618	
50.59297	13.45275	43.73997	

18.36856	67.23398	20.40473	
47.05966	10.37399	38.54706	
18.35718	67.15558	20.21894	
47.0285	10.36571	38.53771	

17.68359	67.52286	20.33948	
46.41202	9.895142	37.70195	
17.6744	67.44793	20.15583	
46.38318	9.887746	37.69374	

16.85153	67.87189	20.25126	
45.61502	9.334442	36.69622	
16.84462	67.80069	20.06977	
45.58856	9.328	36.68919	

16.30206	68.10187	20.18934	
45.08298	8.976746	36.04467	
16.29655	68.03288	20.0091	
45.05779	8.970756	36.03822	

15.647	68.37439	20.10797	
44.44174	8.562042	35.27913	
15.64289	68.30766	19.92895	
44.41807	8.556857	35.27351	

12.60867	69.63358	19.67243	
41.38312	6.807373	31.89211	
12.60918	69.57455	19.49704	
41.36275	6.803878	31.88847	

11.95636	69.90326	19.56593	
40.7084	6.464447	31.19691	
11.95741	69.84535	19.391	
40.688	6.461083	31.19349	

11.15417	70.2338	19.42581	
39.86884	6.057312	30.35508	
11.15573	70.17699	19.2513	
39.8485	6.054342	30.35198	

10.60257	70.46182	19.32746	
39.28674	5.787476	29.78566	
10.60434	70.40575	19.15322	
39.26599	5.784501	29.78263	

9.970917	70.7215	19.2067	
38.61279	5.486633	29.14017	
9.972797	70.66605	19.03271	
38.59188	5.484053	29.13741	

9.412628	70.95282	19.10059	
38.01401	5.22998	28.57862	
9.414568	70.89791	18.92681	
37.99234	5.227275	28.57585	

8.663177	71.26105	18.94673	
37.19983	4.895355	27.83205	
8.664964	71.20676	18.77324	
37.17773	4.893086	27.82957	

5.56015	72.54602	18.2529	
33.74088	3.646332	24.85542	
5.560117	72.49358	18.08122	
33.714	3.644638	24.85337	

4.994904	72.78174	18.11605	
33.09506	3.441162	24.3309	
4.994339	72.72965	17.94488	
33.06694	3.439393	24.32887	

4.396149	73.0304	17.96378	
32.40329	3.229889	23.77862	
4.39489	72.97864	17.79331	
32.37428	3.228435	23.77674	

3.844696	73.26181	17.82396	
31.76367	3.042786	23.27661	
3.842855	73.21034	17.65415	
31.73315	3.041209	23.27472	

3.281372	73.49634	17.67289	
31.10181	2.856506	22.76533	
3.278771	73.44536	17.504	
31.07056	2.855187	22.76365	

2.697906	73.74142	17.5156	
30.41293	2.670807	22.24181	
2.694536	73.69087	17.34771	
30.38032	2.669537	22.24016	

2.13031	73.97986	17.35786	
29.73651	2.496124	21.73587	
2.126149	73.92982	17.19114	
29.7027	2.494926	21.73428	

1.046951	75.32587	16.40362	
25.84467	1.627075	18.9642	
1.056091	75.27995	16.24674	
25.80504	1.626401	18.96312	

1.587239	75.55817	16.2313	
25.16647	1.497742	18.50294	
1.597198	75.51315	16.07664	
25.12558	1.496944	18.50189	

2.224714	75.83008	16.0185	
24.35455	1.350464	17.95809	
2.235748	75.78643	15.86707	
24.31321	1.349912	17.95721	

2.704468	76.03754	15.85842	
23.74167	1.245117	17.55211	
2.716248	75.9949	15.7094	
23.69936	1.244467	17.55125	

3.260404	76.27612	15.66558	
23.02203	1.127045	17.08063	
3.273071	76.23491	15.5199	
22.97947	1.126594	17.0799	

3.805004	76.51193	15.47484	
22.31317	1.01709	16.62173	
3.818512	76.47218	15.33256	
22.27003	1.016621	16.62108	

6.603477	77.73224	14.42997	
18.55884	0.528595	14.27687	
6.620605	77.70214	14.31039	
18.51593	0.5283515	14.27661	

7.0811	77.94012	14.23847	
17.89008	0.4563293	13.87556	
7.098633	77.91223	14.124	
17.84947	0.456523	13.87547	

7.609117	78.17352	14.02651	
17.14886	0.3818359	13.43486	
7.627197	78.14799	13.91765	
17.10792	0.3817638	13.43473	

8.256668	78.45773	13.75819	
16.2222	0.2957458	12.89146	
8.275055	78.43534	13.65696	
16.18337	0.2958753	12.89146	

8.719386	78.66293	13.56456	
15.55518	0.2391052	12.50443	
8.737946	78.64281	13.46885	
15.51698	0.2391063	12.50443	

9.330651	78.93274	13.30253	
14.66089	0.1695862	11.99081	
9.348999	78.91566	13.21434	
14.6248	0.1696193	11.99088	

12.33483	80.27084	11.94714	
10.09683	0.07109359	9.450588	
12.34552	80.26709	11.8938	
10.07618	0.07119751	9.450754	

12.93761	80.5376	11.65956	
9.142334	0.09783299	8.931677	
12.94492	80.53551	11.61143	
9.12622	0.09786987	8.931784	

13.45344	80.77026	11.41234	
8.322906	0.1141421	8.488828	
13.45792	80.76957	11.36858	
8.310602	0.1141968	8.488935	

13.94132	80.98651	11.17271	
7.527557	0.1251049	8.062413	
13.94351	80.98647	11.13237	
7.519964	0.1248779	8.062583	

14.55608	81.26395	10.86903	
6.520874	0.1308548	7.525573	
14.55563	81.26468	10.83298	
6.515157	0.1308594	7.525671	

16.85123	82.297	9.683435	
2.563751	0.07299829	5.446451	
16.85117	82.29744	9.664156	
2.562199	0.07281494	5.446554	

17.29851	82.49991	9.443656	
1.75647	0.04502377	5.026686	
17.29861	82.50027	9.428042	
1.755026	0.04489136	5.026776	

17.70554	82.68604	9.23167	
1.013824	0.01568358	4.649042	
17.70557	82.68629	9.219245	
0.9983156	0.01672363	4.649071	

18.21391	82.92001	8.976217	
0.07543945	0.01300049	4.258043	
18.21353	82.92001	8.96753	
0.008050391	0.008073991	4.258103	

18.47384	83.05713	8.823567	
0.4014187	0.03652954	4.024237	
18.47336	83.05702	8.817266	
0.4509888	0.03306974	4.024311	

18.48144	83.1178	8.741027	
0.4041798	0.07574463	3.806127	
18.48138	83.11781	8.736526	
0.4394836	0.07345317	3.806201	

18.44237	83.02521	8.74383	
0.4070048	0.1164551	3.580047	
18.44305	83.02609	8.741358	
0.4079895	0.1164272	3.580098	

18.43969	83.01212	8.756914	
0.4066859	0.1106873	3.612079	
18.44034	83.01303	8.754294	
0.4076843	0.1106389	3.612119	

18.44264	83.01477	8.764814	
0.4061612	0.1022034	3.659076	
18.44315	83.0155	8.7619	
0.4071655	0.1022003	3.659106	

18.44583	83.01758	8.773355	
0.4055464	0.09161377	3.71804	
18.44617	83.0182	8.770145	
0.4064941	0.09158254	3.718092	

18.45012	83.02142	8.784937	
0.4047231	0.07830811	3.791948	
18.45029	83.02186	8.781334	
0.4056396	0.07827643	3.792025	

18.45349	83.02444	8.794031	
0.4041319	0.06893921	3.84392	
18.45352	83.02474	8.790104	
0.4050293	0.0689295	3.843917	

18.45587	83.02658	8.800337	
0.4035511	0.05963135	3.895695	
18.45578	83.02677	8.796241	
0.4044495	0.05960956	3.895681	

18.45756	83.02811	8.804034	
0.4035951	0.05728149	3.908813	
18.45737	83.02815	8.800155	
0.4043884	0.05725901	3.908794	

18.45754	83.02814	8.803841	
0.4036441	0.05728149	3.908811	
18.45737	83.02815	8.800063	
0.4043884	0.05725243	3.908788	

18.45757	83.02814	8.80366	
0.4036924	0.05725098	3.908813	
18.45737	83.02816	8.799941	
0.4044189	0.05725816	3.908796	

18.45757	83.02814	8.803512	
0.4037086	0.05725098	3.908811	
18.4574	83.02818	8.799853	
0.4044495	0.0572509	3.908795	

18.45759	83.02814	8.803364	
0.4037526	0.05728149	3.908812	
18.4574	83.02818	8.799787	
0.40448	0.05725667	3.908789	

18.45757	83.02814	8.803205	
0.4037943	0.05728149	3.908815	
18.4574	83.02815	8.7997	
0.40448	0.05725935	3.908795	

18.45759	83.02814	8.803007	
0.4038658	0.05728149	3.908812	
18.4574	83.02818	8.799587	
0.4045105	0.05724849	3.908793	

18.45762	83.0282	8.802267	
0.4040629	0.05728149	3.908808	
18.4574	83.02818	8.799172	
0.4046326	0.05726162	3.908791	

18.45764	83.0282	8.802132	
0.4040786	0.05728149	3.908802	
18.45743	83.02819	8.799078	
0.4046326	0.05727131	3.908799	

18.45764	83.0282	8.80193	
0.4041333	0.05728149	3.908793	
18.45743	83.02822	8.798988	
0.4046631	0.05725339	3.908788	

18.45764	83.0282	8.801802	
0.40417	0.05728149	3.908798	
18.45743	83.02821	8.798918	
0.4046936	0.05725968	3.908789	

18.45765	83.02823	8.801685	
0.4042031	0.05728149	3.908787	
18.45743	83.02819	8.79885	
0.4046936	0.05725909	3.908793	

18.45768	83.02823	8.801548	
0.4042203	0.05728149	3.908793	
18.45746	83.02821	8.798757	
0.4047241	0.05726522	3.908796	

18.45767	83.0282	8.801415	
0.4042619	0.05728149	3.908792	
18.45746	83.02821	8.798681	
0.4047241	0.05725811	3.90879	

18.45768	83.02823	8.801236	
0.4042997	0.05725098	3.908787	
18.45746	83.02822	8.798585	
0.4047546	0.05727774	3.908796	

18.45771	83.02826	8.800508	
0.4044968	0.05728149	3.908768	
18.45749	83.02824	8.798173	
0.4048462	0.05725732	3.90881	

18.45772	83.02823	8.800332	
0.4045416	0.05728149	3.90877	
18.45749	83.02825	8.798067	
0.4048767	0.05725657	3.908808	

18.45773	83.02826	8.800161	
0.4045552	0.05728149	3.908764	
18.45749	83.02825	8.797985	
0.4048767	0.05724899	3.908807	

18.45774	83.02826	8.800035	
0.4046043	0.05728149	3.908736	
18.45749	83.02822	8.797913	
0.4049072	0.05725485	3.908799	

18.45774	83.02823	8.799895	
0.4046318	0.05728149	3.908732	
18.45749	83.02825	8.797822	
0.4049377	0.05725721	3.908804	

18.45775	83.02826	8.799687	
0.4046575	0.05728149	3.908734	
18.45749	83.02828	8.797706	
0.4049683	0.05725624	3.908808	

18.45775	83.02826	8.799562	
0.4047009	0.05728149	3.908732	
18.45752	83.02828	8.797628	
0.4049683	0.05723558	3.90884	

18.45777	83.02829	8.798655	
0.4049404	0.05728149	3.908738	
18.45755	83.02831	8.797146	
0.4050903	0.0572421	3.90884	

18.45779	83.02826	8.798497	
0.4049681	0.05728149	3.908741	
18.45755	83.02831	8.797049	
0.4050903	0.05724848	3.908835	

18.45778	83.02826	8.798305	
0.405021	0.05728149	3.908743	
18.45755	83.02832	8.796953	
0.4051208	0.05724449	3.908835	

18.4578	83.02829	8.798148	
0.4050652	0.05728149	3.90874	
18.45758	83.02832	8.796885	
0.4051514	0.05723617	3.908834	

18.45777	83.02826	8.797967	
0.4050942	0.05728149	3.908738	
18.45758	83.02832	8.796782	
0.4051819	0.05725231	3.908843	

18.45778	83.02829	8.797787	
0.4051366	0.05728149	3.908741	
18.45758	83.02836	8.796679	
0.4052124	0.05723433	3.908842	

18.45776	83.02826	8.796681	
0.4053793	0.05728149	3.908777	
18.45758	83.02834	8.796124	
0.4053345	0.05724703	3.908799	

18.45773	83.02826	8.796411	
0.4054214	0.05728149	3.908783	
18.45758	83.02836	8.796002	
0.405365	0.05725333	3.908799	

18.45774	83.02829	8.796251	
0.4054438	0.05728149	3.908795	
18.45755	83.02837	8.795927	
0.405365	0.05724258	3.908802	

18.45772	83.02829	8.796045	
0.4054812	0.05725098	3.908795	
18.45758	83.02839	8.795812	
0.405426	0.05723783	3.908795	

