0	0	0	
-1.582276E-06	3.144552E-06	12.67439	
0	0	0	
0	0	0	

0	0	0	
-1.582276E-06	3.144552E-06	12.67439	
0	0	0	
0	0	0	

0	0	0	
-1.582276E-06	3.144552E-06	12.67439	
0	0	0	
0	0	0	

0	0	0	
-1.582276E-06	3.144552E-06	12.67439	
0	0	0	
0	0	0	

0	0	0	
-1.582276E-06	3.144552E-06	12.67439	
0	0	0	
0	0	0	

0	0	0	
-1.582276E-06	3.144552E-06	12.67439	
0	0	0	
0	0	0	

0	0	0	
-1.582276E-06	3.144552E-06	12.67439	
0	0	0	
0	0	0	

15.39742	73.07153	57.70578	
0.4320679	3.635124	71.01591	
16.87555	109.2547	60.08186	
48.90253	5.932434	83.56557	

15.46841	73.35681	57.01957	
2.951294	3.590641	68.7131	
16.56909	102.4808	67.17253	
30.68484	4.561737	83.65755	

15.52967	73.67639	56.58437	
3.937775	3.570611	67.68932	
16.34161	97.84063	70.40297	
22.45798	4.23999	82.56895	

16.81551	80.71411	45.39404	
11.32934	2.859871	47.38002	
17.02368	103.4376	59.68711	
24.29034	3.966309	67.26372	

17.77119	86.80371	33.41894	
14.54294	2.139373	33.10534	
17.75842	107.71	44.97444	
16.76184	3.011658	47.44692	

18.19398	89.89392	25.77063	
10.19241	1.808117	27.87161	
18.13986	110.0626	35.09198	
4.744324	2.404205	37.30759	

18.45324	90.52094	14.20654	
3.876576	1.930961	30.18172	
18.03131	108.4442	38.75325	
7.062073	3.243134	54.57641	

18.49475	90.15298	5.507286	
1.14703	2.112595	33.34508	
17.80707	105.5463	44.85502	
7.201752	3.739349	69.6876	

18.46224	89.71719	0.6839675	
0.2445467	2.222917	35.31073	
17.6283	103.2593	48.8802	
6.003204	3.846283	75.00249	

18.43118	89.44247	1.674652	
0.05905151	2.27769	36.30643	
17.52451	101.9445	50.94006	
5.14035	3.870209	76.64476	

18.4425	89.34686	5.687032	
3.459252	2.731777	45.32219	
17.55103	100.8389	50.39853	
6.138092	3.900848	78.25784	

18.12812	86.11252	16.26146	
7.372231	2.749286	45.50496	
17.60626	95.844	47.79051	
3.679657	3.930756	81.64511	

17.73446	82.85941	23.40949	
10.20496	2.591372	41.99642	
17.58197	91.35581	44.83022	
1.017334	3.95047	84.70306	

17.46315	80.83618	27.08775	
12.08085	2.466769	39.35445	
17.53531	88.68241	42.7035	
0.625483	3.960632	86.60269	

17.31668	79.79364	28.81461	
13.14506	2.398922	37.94168	
17.50238	87.33401	41.51382	
1.458608	3.96524	87.58361	

17.24544	79.29718	29.60232	
13.68215	2.366249	37.26496	
17.48465	86.69876	40.92437	
1.850673	3.967255	88.0506	

16.2604	71.1825	30.59214	
3.123413	1.926937	29.9038	
17.16989	86.73103	48.0588	
1.942194	3.947113	83.77239	

15.23988	64.30307	30.80851	
20.63739	1.724054	24.18422	
16.83282	86.88531	54.91549	
1.915084	3.904114	79.44721	

14.60893	60.51971	30.70579	
30.94897	1.709301	21.51478	
16.61285	86.99282	59.03872	
1.886209	3.86676	76.79852	

14.28899	58.70248	30.59987	
35.91211	1.731185	20.35349	
16.49698	87.04876	61.12439	
1.872315	3.844604	75.4524	

13.84003	56.3327	31.07653	
32.55209	1.704981	21.01314	
17.27643	84.4748	42.06647	
17.68988	3.913696	68.79922	

13.47689	54.49319	31.52027	
28.64771	1.706958	22.0931	
17.83154	83.70357	22.26957	
39.14202	3.689484	43.76862	

13.26217	53.4314	31.78006	
26.34613	1.722912	22.89208	
17.96616	83.56143	11.66106	
47.58272	3.421173	32.98594	

13.153	52.89807	31.90964	
25.21509	1.735079	23.33787	
17.98441	83.51874	6.898458	
49.10551	3.247131	29.89311	

13.1012	52.64655	31.97036	
24.69107	1.74174	23.55782	
17.98376	83.50073	4.800192	
49.26248	3.156464	28.8375	

13.2417	53.34967	31.95655	
27.58755	1.816213	23.88981	
18.04529	84.21783	3.112823	
48.3919	3.107178	28.96334	

13.38737	54.08478	31.92277	
30.39709	1.898249	24.22355	
18.10156	84.90422	1.984948	
47.58413	3.080597	29.26016	

13.47781	54.54504	31.89667	
32.08893	1.954554	24.45252	
18.13477	85.32375	1.367171	
47.09322	3.06662	29.45592	

13.52439	54.78329	31.88189	
32.94586	1.985319	24.57802	
18.15146	85.53889	1.063188	
46.84095	3.059662	29.55708	

13.63232	55.33502	31.81631	
32.46564	2.007495	25.03858	
18.45135	89.50426	1.578895	
47.97237	3.186035	30.10521	

13.72218	55.80038	31.77741	
31.6879	2.015348	25.4094	
18.66568	93.13006	2.169518	
48.85949	3.288269	30.51551	

14.00418	57.36829	32.26129	
30.48544	1.913026	24.39872	
18.78116	95.6981	3.715576	
48.62193	3.276794	30.57896	

14.24403	58.74625	32.71141	
29.70416	1.82195	23.38271	
18.82922	97.12357	4.996423	
48.13315	3.235199	30.51104	

14.38445	59.57178	32.97667	
29.3501	1.770301	22.77439	
18.84799	97.82381	5.73742	
47.793	3.205292	30.44636	

14.45509	59.9924	33.10954	
29.20276	1.744988	22.46822	
18.85553	98.15035	6.108047	
47.61118	3.18924	30.4086	

14.48839	60.19199	33.17193	
29.14066	1.733259	22.32418	
18.8587	98.29945	6.282303	
47.52341	3.181488	30.38976	

14.50366	60.28381	33.20051	
29.11371	1.727902	22.25817	
18.86011	98.36699	6.362182	
47.48277	3.177917	30.38087	

14.90774	62.32324	31.09384	
28.7341	1.757854	22.76997	
18.86737	99.84618	9.793048	
40.71087	2.996307	32.91935	

15.27645	64.25827	28.99664	
28.49915	1.797688	23.38385	
18.84805	101.3489	13.23764	
32.79864	2.880188	35.99783	

15.49386	65.43927	27.67997	
28.40842	1.826632	23.81139	
18.82202	102.3215	15.41545	
27.46382	2.849396	38.2265	

15.60293	66.04437	26.99537	
28.37604	1.842708	24.0451	
18.8042	102.8379	16.55021	
24.64428	2.846375	39.46576	

16.08874	69.04062	25.12804	
26.62051	1.861041	24.78662	
18.8287	103.1367	15.27638	
23.53367	2.647644	36.62064	

16.4848	71.6734	23.54643	
21.32428	1.767979	24.70006	
18.86414	103.8208	13.22449	
21.69503	2.442902	33.95277	

16.7068	73.24094	22.63149	
16.39722	1.690608	24.45325	
18.88577	104.3624	11.75117	
20.12028	2.306732	32.25416	

16.81549	74.03668	22.17689	
13.2934	1.651692	24.3143	
18.89621	104.6678	10.94257	
19.15815	2.232391	31.33488	

16.866	74.41351	21.96427	
11.6691	1.634533	24.25389	
18.90094	104.8185	10.54659	
18.6593	2.19577	30.88247	

16.88903	74.58676	21.86709	
10.88882	1.627069	24.22853	
18.90305	104.8889	10.36197	
18.42022	2.178619	30.67044	

16.69611	73.30746	23.67426	
4.152802	1.956083	30.33061	
18.81256	105.4625	15.93317	
3.278534	2.735413	43.61285	

16.46058	71.82986	25.82161	
0.08373196	2.304138	36.80259	
18.66263	106.3431	22.13724	
19.45605	3.832123	66.84851	

16.28974	70.8089	27.34248	
1.886013	2.509593	40.78572	
18.53268	107.0905	26.26437	
25.32486	4.290283	79.6003	

16.19335	70.24957	28.18569	
2.622604	2.60856	42.77185	
18.45352	107.5471	28.4502	
27.49329	4.433533	84.40327	

16.8133	74.24506	23.70628	
0.5506464	2.210651	35.097	
18.21631	106.3344	35.43747	
25.87659	4.287506	78.3156	

17.24708	78.38071	25.72552	
2.662994	1.612976	24.68173	
18.16006	100.6922	37.39623	
22.55167	2.923889	43.96828	

17.39669	80.67459	29.04943	
5.91333	1.190071	17.79343	
18.09506	96.49181	37.22483	
19.84564	0.9566956	13.41501	

17.43607	81.75964	31.23648	
8.481506	0.9659851	14.23339	
18.0448	94.35768	36.82084	
21.54874	0.2256775	3.110547	

17.44595	82.25476	32.37336	
10.12042	0.8595088	12.55065	
18.0174	93.3753	36.56688	
25.30893	179.9651	179.5593	

17.44864	82.47852	32.91491	
11.01117	0.8107961	11.78065	
18.00415	92.93285	36.43888	
3.859764	179.8848	178.3337	

17.42667	82.45508	33.53545	
11.61121	0.8759261	12.70666	
18.10776	93.01353	33.70444	
35.04295	0.1691284	1.899728	

17.40454	82.37115	33.98815	
11.78207	0.9488868	13.77455	
18.2084	93.33875	31.14204	
23.82695	0.4065857	5.206159	

17.3906	82.30701	34.23963	
11.78775	0.9948156	14.45592	
18.26883	93.61255	29.59764	
22.34615	0.5568848	7.235772	

17.38334	82.27118	34.3633	
11.76883	1.018591	14.8107	
18.29932	93.77168	28.81291	
21.97119	0.6337585	8.268599	

16.8814	79.13055	40.11895	
0.1497691	1.193039	18.06481	
18.38626	94.97763	27.42093	
8.053223	0.743866	10.78665	

16.27937	75.85846	46.30396	
7.417075	1.537687	23.54528	
18.45392	96.04687	26.29813	
27.33905	1.168732	15.6836	

15.84635	73.7178	50.34833	
9.504386	1.807751	27.90652	
18.49057	96.67339	25.65276	
34.79565	1.560394	19.70568	

15.60444	72.5769	52.47793	
9.966316	1.953149	30.33965	
18.50818	96.98731	25.3313	
37.70947	1.792786	22.01205	

15.48465	72.0239	53.50026	
10.05943	2.022266	31.52373	
18.51627	97.13486	25.18051	
38.92078	1.909546	23.15884	

15.5056	73.1937	55.9346	
4.809689	2.384103	38.34412	
18.52689	104.556	27.39108	
54.90546	3.769562	36.13836	

15.55292	74.68225	58.35421	
0.8641564	2.781787	46.36837	
18.30371	112.2207	28.75066	
65.90369	7.695038	59.16595	

15.58807	75.77301	59.95118	
0.9107056	3.023757	51.79309	
18.04465	117.0458	29.17943	
70.44717	10.74344	74.47266	

15.60807	76.39612	60.80672	
1.615814	3.139597	54.62376	
17.87653	119.5255	29.28432	
72.38437	12.38312	81.49973	

15.61811	76.70944	61.22208	
1.900238	3.191753	55.96423	
17.78867	120.7009	29.30817	
73.24155	13.18921	84.58181	

15.09116	73.71027	64.53763	
6.417694	3.118242	53.3508	
18.06268	115.9295	30.44693	
76.85193	14.66629	70.58482	

14.55958	70.72147	67.26123	
10.28979	3.055231	50.87816	
18.25632	110.8637	31.44712	
78.59619	172.763	166.0405	

14.22231	68.87061	68.76103	
12.52719	3.023365	49.47591	
18.32587	107.6408	31.9941	
8.997823	179.0659	166.4264	

13.36543	63.76395	70.5229	
19.40311	2.996291	46.30056	
18.37216	105.1895	31.77839	
36.54847	178.4928	161.358	

12.58089	59.40594	71.62593	
25.45691	3.006529	43.60215	
18.39536	103.6329	31.42927	
44.24988	178.2184	160.0213	

12.09829	56.85947	72.14784	
29.08359	3.027966	41.99727	
18.40503	102.797	31.19202	
47.43759	178.1065	159.7999	

11.84983	55.58301	72.3778	
30.9296	3.043642	41.18184	
18.40897	102.3888	31.06569	
48.86998	178.0583	159.7862	

11.73151	54.98276	72.47883	
31.80466	3.052262	40.79546	
18.41058	102.1982	31.00473	
49.51834	178.0369	159.7972	

11.67699	54.7077	72.52362	
32.20715	3.056505	40.61779	
18.41132	102.1111	30.97648	
49.81111	178.0272	159.8054	

11.51465	53.1091	70.1725	
33.85474	3.112855	40.48941	
18.4353	101.052	30.09389	
58.86032	177.7188	160.7775	

11.44825	52.00134	67.63503	
34.92438	3.157348	40.48906	
18.45114	100.0468	29.2932	
68.11236	177.006	160.9121	

11.80584	52.08258	61.56494	
33.43222	2.631208	33.35378	
18.46887	98.82419	28.12737	
84.6734	167.7848	151.3798	

13.11157	55.83014	49.65507	
23.60214	1.87613	25.78883	
18.46481	96.78919	26.68365	
74.92883	4.424072	12.54202	

14.13516	59.36075	39.91164	
12.30768	1.488981	21.89734	
18.43961	95.12687	25.71228	
61.45319	2.543396	15.57498	

14.67922	61.49045	34.36196	
5.418732	1.372837	20.6751	
18.41635	94.14359	25.20408	
54.64569	2.194275	16.84451	

14.93588	62.57355	31.63243	
2.160431	1.340788	20.32692	
18.40228	93.64365	24.96259	
51.49492	2.08902	17.47139	

14.78447	61.86877	32.88646	
2.176879	1.902564	29.68782	
18.4252	93.35677	23.56148	
45.58792	1.734467	16.5488	

14.57606	60.98785	34.95861	
3.756722	2.598774	42.56704	
18.44702	93.17992	22.30442	
40.01674	1.481873	15.64415	

14.32689	59.41211	34.04784	
5.648763	2.892926	48.75903	
18.55884	98.03074	24.4237	
27.91578	1.523376	19.09189	

14.6285	61.65176	36.95473	
0.9298401	3.243012	57.45147	
18.61383	100.8417	24.14584	
40.19043	1.949951	20.7609	

15.05033	64.87231	40.01128	
5.12027	3.500297	64.77771	
18.65076	101.856	23.09306	
55.69437	2.890137	21.81265	

15.34196	67.2352	41.84689	
6.508789	3.616564	68.79559	
18.6731	102.1872	22.30502	
64.61685	4.071838	22.36744	

15.49844	68.55951	42.75772	
6.884064	3.663024	70.67556	
18.6846	102.3024	21.87198	
68.80389	5.014618	22.44854	

15.57407	69.21564	43.18088	
6.985229	3.682079	71.52266	
18.69009	102.347	21.66055	
70.68753	5.583984	22.39106	

15.7074	70.85648	45.37569	
3.583099	3.547837	66.88139	
18.67007	99.8354	21.39901	
67.80875	4.177765	19.51607	

15.8549	72.5462	47.01054	
0.3052673	3.413725	62.60904	
18.62811	97.48335	21.06082	
62.57954	2.883148	16.95782	

15.9567	73.67029	47.83224	
1.704593	3.331772	60.12986	
18.59253	96.07723	20.79992	
57.88279	2.232483	15.48798	

16.01179	74.27264	48.2053	
2.73635	3.290078	58.89827	
18.57153	95.36642	20.6504	
54.92595	1.949371	14.77835	

16.38142	79.23483	51.68154	
15.71028	3.526601	62.97249	
18.61057	95.9012	19.67714	
54.47126	1.774078	13.59345	

16.68699	84.28439	54.23759	
27.32581	3.923445	66.84959	
18.65076	96.58434	18.77698	
54.87409	1.673553	12.65526	

16.84403	87.53369	55.45969	
33.92662	4.25234	68.96606	
18.67484	97.02955	18.22774	
55.29766	1.62439	12.12241	

16.91358	89.24222	55.98946	
37.15788	4.450056	69.96326	
18.68692	97.26321	17.94559	
55.55651	1.601868	11.85858	

16.94372	90.06354	56.21888	
38.65842	4.551757	70.41695	
18.6926	97.37534	17.81126	
55.68859	1.591705	11.73515	

16.95694	90.4437	56.31974	
39.3419	4.600341	70.62157	
18.69519	97.42717	17.74935	
55.7512	1.587189	11.6787	

17.33322	100.5419	54.40123	
44.85604	5.004066	70.79682	
18.67825	97.51081	18.74173	
60.2625	1.650269	10.4549	

17.31667	110.4885	51.72766	
50.40605	5.554369	71.23035	
18.66113	97.59805	19.68848	
65.40408	1.811646	9.290934	

17.11942	116.5	49.77928	
53.81247	5.991794	71.66501	
18.65042	97.65891	20.26101	
69.00032	2.004547	8.542545	

16.96793	119.5147	48.7114	
55.53063	6.250007	71.94296	
18.64493	97.69254	20.55246	
70.98693	2.15271	8.128723	

17.87727	106.7464	42.96051	
42.88407	4.39627	59.87154	
18.67932	97.5845	18.78663	
49.34422	1.107422	9.621588	

18.36559	95.89987	29.11785	
13.26261	2.614738	42.02985	
18.7132	97.82777	17.35826	
26.19157	1.081757	13.66318	

18.51045	92.89456	18.58416	
12.20789	2.334736	35.89271	
18.71719	97.67724	16.92023	
16.11225	1.249298	17.23634	

18.56485	92.41779	13.54869	
23.28058	2.479115	35.31828	
18.71103	97.43561	16.89827	
11.93769	1.360504	19.29332	

18.58905	92.4151	11.34792	
27.71561	2.591514	35.40527	
18.7056	97.27306	16.94571	
10.14206	1.417419	20.31149	

18.60012	92.4585	10.38436	
29.5845	2.650041	35.49428	
18.70251	97.18714	16.98088	
9.352228	1.444366	20.78731	

18.60515	92.48697	9.957385	
30.39944	2.677799	35.54237	
18.70099	97.14569	16.99963	
9.00067	1.456696	21.00479	

18.57914	92.07373	10.49257	
31.51767	2.625105	34.19804	
18.65973	96.34433	17.91522	
5.563093	1.492798	21.81771	

18.55322	91.68973	11.08805	
32.42038	2.569098	32.93481	
18.6178	95.59374	18.78673	
2.581697	1.533539	22.6137	

18.53721	91.46149	11.45948	
32.95465	2.534276	32.17616	
18.59088	95.1389	19.31878	
0.875554	1.561829	23.12379	

18.52897	91.34628	11.65053	
33.22678	2.516363	31.79114	
18.57669	94.90662	19.59144	
0.0330027	1.577301	23.39267	

18.52505	91.29196	11.74136	
33.35602	2.507845	31.60906	
18.56985	94.79636	19.72104	
0.3601074	1.584869	23.52228	

18.43659	90.03564	13.17203	
34.75604	2.54399	31.45507	
18.4368	92.74937	21.88392	
8.285583	1.469482	21.68266	

18.34773	88.88055	14.51563	
36.13449	2.593368	31.45348	
18.29663	90.84264	23.79055	
17.15625	1.431763	20.56408	

18.29133	88.19278	15.3303	
36.99557	2.630307	31.5116	
18.20526	89.69957	24.88506	
23.04883	1.454559	20.25696	

18.26184	87.84534	15.74599	
37.4407	2.651284	31.55861	
18.15695	89.12093	25.42541	
26.1438	1.482269	20.22065	

18.24769	87.6814	15.94307	
37.65289	2.661708	31.58508	
18.1337	88.84771	25.67734	
27.62219	1.499603	20.2331	

18.03623	85.056	16.87597	
38.41168	2.61491	30.55214	
17.99695	86.90463	25.97376	
31.18185	1.505951	19.70203	

17.81757	82.65912	17.76122	
39.2179	2.57274	29.5743	
17.86249	85.13506	26.08754	
34.42111	1.523743	19.30478	

17.67635	81.23846	18.31243	
39.76874	2.549519	28.98646	
17.77728	84.07798	26.09797	
36.41827	1.541748	19.11068	

17.60194	80.52298	18.59843	
40.06992	2.538494	28.6888	
17.73273	83.54266	26.0875	
37.44995	1.553192	19.02468	

17.56611	80.18591	18.73521	
40.21771	2.533509	28.54827	
17.71133	83.28973	26.07891	
37.94238	1.559235	18.98697	

17.50752	79.79504	19.94269	
45.21997	2.756582	28.34828	
17.62421	82.20703	25.72929	
19.03513	1.051178	14.82602	

17.29912	78.15479	22.00674	
51.0416	2.966554	26.68487	
17.46851	80.44016	25.25834	
28.67862	1.102295	13.55777	

17.11991	76.79709	23.50986	
55.08768	3.141751	25.27567	
17.34219	79.11274	24.91953	
53.17786	2.084229	16.65374	

17.0143	76.02228	24.33214	
57.32468	3.259652	24.46385	
17.26794	78.36761	24.73004	
61.4905	3.010956	18.5537	

16.961	75.63812	24.7332	
58.42957	3.325328	24.05855	
17.23029	77.99891	24.636	
64.6701	3.57373	19.39243	

16.93583	75.45831	24.91968	
58.9473	3.358099	23.86804	
17.21246	77.82621	24.59186	
65.99498	3.861938	19.75217	

16.74327	73.93939	25.2949	
60.62689	3.600046	24.1673	
17.13516	77.14922	24.71273	
69.47272	4.604797	19.64569	

16.55682	72.53122	25.63116	
62.00598	3.830015	24.45618	
17.06494	76.55006	24.83293	
72.27385	5.412415	19.31689	

16.43999	71.6781	25.84013	
62.78403	3.971483	24.61866	
17.02246	76.19351	24.90511	
73.8521	5.994934	19.01237	

16.37915	71.24225	25.94902	
63.16663	4.044276	24.69688	
17.00073	76.01282	24.94156	
74.62888	6.327148	18.8205	

16.35001	71.03543	26.00125	
63.34491	4.078942	24.73281	
16.99039	75.92735	24.95874	
74.99117	6.494293	18.71977	

15.84804	67.45621	25.53156	
58.98557	3.668465	26.26563	
16.69556	73.43446	24.53907	
73.70658	6.593079	21.36228	

15.32292	64.0278	24.95299	
55.08493	3.406668	27.64506	
16.39267	71.06226	24.06739	
72.74836	6.704498	23.56525	

14.93454	61.60654	23.99394	
49.29501	3.09182	29.25536	
16.09732	68.63519	21.255	
68.0812	5.693298	27.01538	

14.69391	60.16388	23.30904	
44.96072	2.91676	30.37583	
15.88351	66.98053	18.68296	
64.34364	5.126404	29.31291	

14.56477	59.40881	22.94278	
42.53177	2.836572	30.98766	
15.75922	66.07481	17.13211	
62.25985	4.880005	30.52718	

14.50143	59.04337	22.76702	
41.33075	2.80098	31.28719	
15.69586	65.62926	16.34183	
61.23856	4.773743	31.11326	

14.47177	58.87332	22.68602	
40.76846	2.785161	31.42689	
15.66568	65.42081	15.96719	
60.76314	4.727173	31.38481	

14.45818	58.79562	22.64925	
40.51117	2.778127	31.49069	
15.65173	65.32539	15.79485	
60.54629	4.706543	31.50852	

14.1768	57.29059	22.90657	
42.10223	2.851454	31.44512	
15.51715	64.50376	16.02696	
61.97128	4.90274	31.09021	

13.89696	55.83051	23.13347	
43.68585	2.927112	31.35299	
15.38986	63.74192	16.27794	
63.40619	5.122101	30.64017	

13.71957	54.92215	23.25907	
44.66321	2.975603	31.27719	
15.31168	63.28019	16.4321	
64.30197	5.272491	30.34835	

13.62665	54.45139	23.31927	
45.16586	3.001119	31.23257	
15.27142	63.0442	16.51071	
64.766	5.35495	30.19374	

13.49151	53.76996	23.36432	
46.09772	3.186349	32.74925	
15.26437	62.95295	15.36256	
64.21958	5.503784	32.05566	

13.38161	53.22012	23.38537	
46.91614	3.371665	34.30267	
15.26578	62.92178	14.21544	
63.73381	5.651062	33.90223	

13.4558	53.40784	20.44571	
43.76352	3.425887	37.65155	
15.40866	63.70465	10.38175	
62.67615	5.856262	37.33142	

13.52587	53.63306	17.67064	
40.86832	3.451535	40.46514	
15.51648	64.37916	6.996443	
61.924	6.018341	40.11579	

13.55885	53.745	15.99717	
39.19818	3.468146	42.12841	
15.56955	64.75559	4.966085	
61.53426	6.112274	41.73842	

13.57242	53.79242	15.14644	
38.37033	3.477245	42.97131	
15.59308	64.93813	3.931717	
61.35134	6.159454	42.55528	

13.57804	53.81244	14.74382	
37.9834	3.481751	43.37029	
15.60339	65.02245	3.441094	
61.26812	6.181671	42.94084	

13.58044	53.82104	14.55879	
37.80664	3.483845	43.55375	
15.60797	65.06077	3.215344	
61.2306	6.191895	43.11788	

13.54093	53.62598	14.67621	
36.87076	3.394034	42.86235	
15.54733	64.68722	3.340647	
60.938	6.156097	43.39088	

13.50468	53.44812	14.81699	
36.01855	3.310963	42.17499	
15.48941	64.32989	3.531472	
60.66315	6.117767	43.5939	

13.48338	53.3439	14.90253	
35.50433	3.261608	41.75626	
15.45441	64.11462	3.664732	
60.49535	6.093353	43.70385	

13.4727	53.29178	14.94556	
35.24191	3.236716	41.54268	
15.43661	64.00533	3.737069	
60.40933	6.080627	43.75678	

13.46769	53.26727	14.96577	
35.11737	3.224984	41.44139	
15.42819	63.95363	3.772323	
60.36842	6.074493	43.7812	

13.45589	53.21414	15.22809	
35.85138	3.275211	41.72187	
15.31363	63.22366	5.129409	
59.98457	6.028809	44.11815	

13.65651	54.2926	17.74904	
38.59827	3.248043	39.26257	
15.25436	62.80144	8.361326	
60.14158	5.996338	43.46779	

13.85199	55.39621	20.0307	
41.43906	3.235292	36.93884	
15.24738	62.75331	10.92313	
60.35855	5.974426	42.81249	

13.9711	56.09503	21.37989	
43.35907	3.243202	35.57033	
15.25485	62.81392	12.37169	
60.48583	5.960815	42.42544	

14.03184	56.45914	22.0577	
44.40253	3.253397	34.88784	
15.26144	62.86668	13.08741	
60.54673	5.953369	42.2326	

14.06061	56.63345	22.37647	
44.91302	3.259923	34.5684	
15.2652	62.89648	13.42193	
60.57428	5.949615	42.14242	

14.14181	57.13754	23.33854	
46.94589	3.365385	34.20241	
15.25919	62.98196	16.72808	
64.09114	6.64682	40.91961	

14.20473	57.54321	24.16678	
48.75659	3.475846	33.93445	
15.25244	63.12265	19.74887	
67.43399	7.563202	39.83282	

14.23848	57.76794	24.65267	
49.83737	3.548666	33.78404	
15.24878	63.24141	21.55221	
69.44054	8.282928	39.16054	

14.25453	57.87695	24.89685	
50.38574	3.587664	33.70936	
15.24725	63.31269	22.46513	
70.45232	8.710052	38.80163	

14.26187	57.92734	25.01183	
50.6452	3.606602	33.67427	
15.24664	63.34916	22.89645	
70.9285	8.928802	38.62559	

14.27439	58.09192	26.01544	
50.87057	3.588012	33.25985	
15.21976	63.26633	23.70698	
72.24843	9.509186	37.59061	

14.28419	58.23947	26.92937	
51.00595	3.564574	32.88071	
15.194	63.1793	24.37106	
73.42233	10.10284	36.57692	

14.2898	58.32916	27.47538	
51.07025	3.549012	32.65422	
15.17816	63.12504	24.75746	
74.13388	10.50793	35.92461	

14.35765	59.1261	30.91335	
52.34195	3.474173	30.72141	
14.98206	62.04355	25.54655	
79.61362	15.54709	28.93025	

14.44306	60.06586	34.01653	
53.57062	3.413829	29.03892	
14.78503	60.95537	26.0809	
84.79286	31.25192	11.6729	

14.50726	60.7453	35.86979	
54.31982	3.380509	28.07172	
14.65869	60.25967	26.32701	
87.18562	71.03543	28.92493	

14.54414	61.12836	36.8094	
54.70016	3.364225	27.59293	
14.59207	59.8937	26.42958	
87.19355	109.5775	67.84528	

14.56267	61.31934	37.25371	
54.87958	3.35663	27.36938	
14.55994	59.71748	26.47265	
86.78917	124.7904	83.22882	

14.47532	60.9639	38.08113	
52.7894	3.079553	26.48853	
14.27322	58.15725	26.72718	
86.18849	137.4973	97.14978	

14.38829	60.58948	38.7688	
50.63174	2.838544	25.70081	
14.00156	56.71389	26.91539	
85.67695	144.3954	105.1696	

14.33474	60.35815	39.17358	
49.24521	2.701619	25.23071	
13.83447	55.84198	27.00836	
85.37641	147.5488	109.0028	

14.30725	60.2395	39.3783	
48.51392	2.634269	24.99265	
13.74844	55.39736	27.04984	
85.2257	148.9505	110.7519	

14.29418	60.18317	39.47511	
48.16132	2.602922	24.88014	
13.70743	55.1865	27.06812	
85.15479	149.5742	111.5405	

14.28815	60.15726	39.51963	
47.99786	2.588648	24.82846	
13.68851	55.0895	27.07624	
85.12231	149.8531	111.8954	

13.95676	58.44678	40.36267	
49.23987	2.555036	23.75332	
13.17706	52.58788	27.98639	
83.21552	159.6227	123.3372	

13.63555	56.82828	41.10435	
50.52686	2.528233	22.73393	
12.66473	50.16315	28.75208	
81.20807	165.0011	130.3605	

13.41114	55.87067	42.37944	
44.06961	2.3455	24.3412	
12.10986	47.45767	27.68037	
80.29134	167.1476	134.5542	

13.29103	55.43915	43.42625	
38.31073	2.27797	26.26786	
11.72501	45.60186	26.40231	
80.15742	167.8412	136.7162	

13.23516	55.26764	44.04452	
35.10022	2.268019	27.5293	
11.51392	44.59814	25.57461	
80.24964	168.0172	137.6996	

13.21019	55.19925	44.35825	
33.54425	2.269491	28.19271	
11.41028	44.10949	25.14111	
80.33826	168.052	138.1296	

13.19905	55.17072	44.50686	
32.82529	2.271479	28.51125	
11.36185	43.88218	24.93327	
80.38928	168.0564	138.3182	

13.19406	55.15833	44.57524	
32.4986	2.272646	28.65853	
11.33966	43.77845	24.83721	
80.41464	168.0559	138.4018	

12.75794	52.83734	44.20033	
33.82935	2.421997	30.18049	
11.22464	43.24738	24.41441	
86.67722	142.7286	112.3469	

12.34434	50.6951	43.72916	
35.10608	2.559748	31.50384	
11.12332	42.78204	24.02214	
86.12404	32.31192	0.8294983	

12.09397	49.42395	43.39449	
35.86227	2.641704	32.26368	
11.06381	42.50972	23.78106	
83.07224	17.82578	14.49037	

11.96651	48.78375	43.20998	
36.24182	2.68308	32.64005	
11.03391	42.37319	23.65676	
81.51949	14.6785	18.10591	

11.90615	48.48215	43.1193	
36.42017	2.702612	32.81596	
11.01984	42.30897	23.59745	
80.79611	13.5921	19.42377	

11.83223	48.18491	43.42146	
36.00488	2.866856	35.38768	
10.98615	42.146	23.27889	
81.80643	15.41113	17.86641	

11.77512	47.97009	43.73517	
35.64536	3.012706	37.76881	
10.95703	42.00515	22.98507	
82.91642	17.99686	15.48424	

11.60066	46.80676	41.61133	
36.83759	3.205429	39.90541	
11.0751	42.55862	23.77939	
81.92715	16.39877	18.65485	

11.45196	45.79425	39.4241	
37.99146	3.348887	41.25938	
11.2048	43.17148	24.59441	
80.61372	14.57544	21.93219	

11.36425	45.20352	38.04561	
38.67041	3.429455	41.96739	
11.28967	43.57467	25.08953	
79.73844	13.59473	23.79455	

11.31981	44.90744	37.32916	
39.00916	3.469312	42.30683	
11.33472	43.78912	25.3404	
79.27463	13.13589	24.70419	

11.29874	44.7681	36.98653	
39.16785	3.487979	42.4636	
11.35648	43.89284	25.45876	
79.05123	12.92792	25.1263	

11.28906	44.70422	36.82835	
39.24039	3.496551	42.53493	
11.36655	43.94098	25.51304	
78.94782	12.83438	25.31841	

11.08557	43.35468	33.02922	
41.7674	3.871052	46.05995	
11.61273	45.21203	27.87135	
73.21753	9.422943	34.00379	

10.91751	42.27832	29.46806	
44.0296	4.232812	49.34817	
11.86209	46.52159	29.91456	
68.35841	8.034698	40.62301	

10.82432	41.70377	27.31768	
45.35641	4.456111	51.31503	
12.02148	47.36815	31.06772	
65.62752	7.519562	44.38998	

10.77883	41.43079	26.22269	
46.0228	4.571242	52.30933	
12.10519	47.81554	31.63148	
64.28689	7.31012	46.27428	

10.48965	40.11761	24.97183	
47.34323	4.876802	55.61608	
12.13623	48.24631	34.12447	
55.93831	6.007111	52.8653	

10.21671	38.91354	24.00049	
48.61969	5.163985	58.66306	
12.14282	48.56755	36.38093	
49.06875	5.355865	58.00929	

10.04783	38.17969	23.42743	
49.4584	5.346825	60.53725	
12.14233	48.7547	37.74286	
45.31467	5.091492	60.74942	

9.523887	35.95184	21.8132	
52.19318	5.771029	62.27155	
11.89084	47.78455	39.19963	
43.14387	4.995087	63.20342	

9.050785	33.98495	20.25588	
54.63528	6.180429	63.3027	
11.63187	46.73576	40.2245	
42.13263	4.971436	64.87753	

8.761741	32.80307	19.25259	
56.10239	6.449162	63.77413	
11.46484	46.05325	40.78107	
41.71481	4.968903	65.79478	

8.612902	32.20013	18.72057	
56.849	6.593849	63.97466	
11.37665	45.69191	41.05117	
41.54303	4.969971	66.245	

8.541924	31.91394	18.46322	
57.20279	6.66441	64.06058	
11.33408	45.51748	41.17642	
41.47001	4.970978	66.45512	

8.113408	30.19424	15.68538	
60.3573	7.507199	68.04658	
11.51355	46.55184	42.53404	
40.74943	5.063477	71.76934	

7.697441	28.57941	13.01961	
63.62961	8.517155	71.31236	
11.71658	47.72827	43.92961	
39.66862	5.082733	77.02699	

7.434767	27.58484	11.37532	
65.74384	9.283759	72.94758	
11.85437	48.53783	44.84196	
38.78184	5.058655	80.28254	

7.297346	27.07156	10.52875	
66.85388	9.735292	73.65438	
11.92929	48.98232	45.32832	
38.25292	5.035736	81.94977	

7.087515	26.34421	7.664414	
71.98199	12.49085	74.65481	
12.38327	51.27977	45.83305	
37.39458	4.995789	86.84371	

6.901826	25.74509	4.92063	
76.8331	17.11062	72.92594	
12.84317	53.66503	46.19152	
36.21936	4.90683	91.21608	

6.495229	24.24194	4.044038	
79.56592	21.68818	71.65431	
13.34973	56.46328	46.82687	
33.68266	4.714844	96.05204	

6.139246	22.89926	3.964197	
80.87738	24.88614	70.83755	
13.72067	58.61536	47.31513	
31.27617	4.544769	99.46461	

5.92243	22.07758	4.041618	
81.46594	26.64653	70.38995	
13.93173	59.88097	47.58463	
29.72617	4.44278	101.3363	

5.810665	21.6535	4.105676	
81.72678	27.50782	70.17061	
14.03735	60.52621	47.71549	
28.90326	4.391144	102.2514	

5.757317	21.45102	4.140735	
81.84302	27.90948	70.06755	
14.08713	60.83319	47.77603	
28.5047	4.36676	102.6773	

5.603823	20.60178	15.65095	
72.0863	12.39641	88.0723	
13.79404	59.88755	50.74827	
29.86153	4.401917	103.6689	

5.320013	19.89282	27.3712	
62.08209	8.159016	90.29048	
13.45251	58.7603	53.83913	
31.41671	4.452118	104.4731	

5.086882	19.53922	34.45976	
56.53534	6.961007	88.52913	
13.21283	57.96844	55.85984	
32.47381	4.491058	104.9104	

4.955539	19.38855	37.98253	
53.95532	6.534572	87.08546	
13.07968	57.52839	56.93631	
33.0489	4.513885	105.1162	

4.891284	19.32489	39.62066	
52.79572	6.361902	86.30752	
13.01373	57.31041	57.45787	
33.33057	4.525513	105.2091	

4.700008	18.82111	41.47197	
53.24597	6.42994	85.77503	
12.58514	55.69054	59.97231	
33.81553	4.584564	103.7663	

4.524595	18.34015	42.91617	
53.9277	6.535327	85.4467	
12.16537	54.1162	62.24388	
34.33074	4.642792	102.3622	

4.878139	20.45633	48.62834	
52.74945	6.356124	83.9922	
12.59641	57.58651	66.0191	
26.6412	4.378845	97.51038	

5.383129	23.22409	53.93976	
50.99414	6.106628	82.70441	
13.1908	61.80297	68.22148	
19.32608	4.19043	93.29945	

5.775251	25.29602	57.13742	
49.62161	5.926953	81.96754	
13.58286	64.61803	69.12863	
14.90653	4.103302	90.83851	

6.004426	26.48395	58.74613	
48.81641	5.827541	81.60925	
13.78632	66.11335	69.48325	
12.65808	4.06601	89.60832	

6.120596	27.08066	59.50091	
48.40726	5.778731	81.44418	
13.88297	66.83451	69.62761	
11.59379	4.049927	89.0309	

7.148796	31.52829	61.4909	
45.67035	5.496723	83.17383	
14.65204	72.04899	68.52526	
6.497003	3.992706	89.99371	

8.15769	35.93753	62.93762	
42.6749	5.22841	84.92849	
15.25385	76.61959	67.2757	
2.078549	3.969025	90.96731	

8.785437	38.72852	63.64358	
40.65393	5.067816	86.01905	
15.5686	79.25986	66.45066	
0.4765625	3.965912	91.54659	

9.108667	40.18433	63.95331	
39.56586	4.987487	86.57953	
15.7157	80.57027	66.01379	
1.746857	3.967255	91.83733	

9.262387	40.88174	64.08813	
39.03693	4.949888	86.84583	
15.78241	81.18315	65.80327	
2.341644	3.968506	91.9739	

10.55033	46.1915	62.20512	
32.93961	4.579097	88.882	
16.17661	83.00368	61.6917	
5.625977	3.979126	93.86461	

11.63962	50.85709	60.0797	
27.44431	4.326915	90.52074	
16.47937	84.27414	58.07631	
8.447662	3.997223	95.30312	

13.37881	59.2944	57.20859	
17.63501	4.023804	92.58286	
16.71866	84.71055	54.24339	
10.16153	4.009705	96.54071	

14.58664	65.90259	54.52702	
9.916626	3.890125	93.66341	
16.86401	84.84229	51.60763	
11.08713	4.017365	97.21041	

15.20205	69.60864	52.80317	
5.571167	3.849641	94.05682	
16.93906	84.8903	50.17054	
11.54831	4.021667	97.50879	

15.48709	71.42667	51.89515	
3.435486	3.838399	94.18959	
16.97491	84.91061	49.46741	
11.76627	4.023926	97.63683	

15.61589	72.27271	51.45803	
2.440826	3.835059	94.23719	
16.99146	84.91961	49.13964	
11.86655	4.024994	97.69242	

16.13117	74.77744	46.86358	
2.173058	3.825005	96.09157	
17.26538	87.2792	46.79065	
14.35822	4.068085	97.62779	

16.50269	76.60388	42.98748	
5.986253	3.835927	97.31902	
17.48129	89.30696	44.73394	
16.45709	4.112305	97.43259	

16.69211	77.55719	40.81928	
8.132561	3.850633	97.84157	
17.59583	90.45094	43.54063	
17.62512	4.140137	97.26133	

16.78025	78.00787	39.76177	
9.18578	3.860264	98.04904	
17.65009	91.01192	42.9459	
18.19312	4.15451	97.15977	

16.82023	78.21399	39.2713	
9.675841	3.865306	98.13421	
17.67487	91.27282	42.66705	
18.45612	4.161377	97.10841	

16.96533	78.77362	36.86031	
10.83989	3.88862	97.11504	
17.80167	93.32287	41.79611	
20.32465	4.223083	94.98903	

17.09003	79.30087	34.76512	
11.70342	3.908569	95.97953	
17.89865	95.13221	41.02353	
21.95889	4.276581	93.1146	

17.16274	79.63373	33.54561	
12.14828	3.919491	95.22704	
17.94928	96.18838	40.55922	
22.9104	4.307465	92.03654	

17.32089	80.7417	31.91842	
12.92125	3.937502	93.87676	
17.98746	97.0722	40.18219	
23.65213	4.329926	90.11682	

17.4448	81.68716	30.7156	
13.44654	3.949376	92.7376	
18.01019	97.64602	39.94342	
24.10806	4.340332	88.60185	

17.51397	82.23907	30.0475	
13.7081	3.954967	92.05853	
18.02167	97.95335	39.81759	
24.34424	4.344208	87.73943	

17.54788	82.51605	29.71915	
13.82746	3.957403	91.71289	
18.0271	98.10277	39.75698	
24.45709	4.345612	87.31104	

17.56368	82.64645	29.56594	
13.88092	3.958433	91.54893	
18.02957	98.17229	39.7289	
24.50916	4.346161	87.11023	

17.57088	82.70627	29.49594	
13.90484	3.958911	91.4735	
18.0307	98.204	39.71611	
24.53281	4.346405	87.01835	

17.66796	83.59689	28.74861	
14.84949	3.975861	90.86356	
18.05981	98.82664	39.27835	
25.34348	4.362183	85.3585	

17.75318	84.41092	28.07827	
15.69861	3.991622	90.26732	
18.0849	99.39444	38.87677	
26.06256	4.372833	83.79523	

17.80235	84.89554	27.68388	
16.19435	4.000996	89.89233	
18.09915	99.73122	38.63826	
26.47784	4.377197	82.84586	

17.82678	85.14059	27.48582	
16.44194	4.00573	89.69689	
18.10611	99.90114	38.51789	
26.6839	4.378845	82.36094	

17.88806	86.05399	27.78135	
18.9458	4.054255	87.47999	
18.146	100.4732	37.69367	
29.31192	4.475403	81.73329	

17.93636	86.84698	28.10426	
21.28108	4.100818	85.32917	
18.18146	101.0211	36.92971	
31.85815	4.581116	81.07378	

17.96312	87.31369	28.3047	
22.69969	4.129539	83.99083	
18.20221	101.3689	36.46563	
33.43777	4.65271	80.60732	

17.97618	87.54889	28.40745	
23.4254	4.144364	83.29816	
18.21262	101.5516	36.22818	
34.25317	4.691528	80.34825	

18.03862	88.24506	27.81096	
24.05194	4.159425	82.89404	
18.2373	101.795	35.6317	
34.66843	4.706848	79.93787	

18.09052	88.82199	27.24875	
24.46278	4.169802	82.65324	
18.25696	101.975	35.14586	
34.85208	4.710541	79.59262	

18.11981	89.15225	26.91594	
24.68203	4.175392	82.52258	
18.26797	102.0745	34.86929	
34.92773	4.710815	79.38542	

18.1342	89.31622	26.74867	
24.78826	4.178092	82.45779	
18.27338	102.1233	34.73229	
34.95923	4.71051	79.2794	

18.1409	89.39304	26.66998	
24.83757	4.179356	82.42725	
18.27591	102.146	34.66821	
34.97278	4.710297	79.22898	

18.21954	90.01172	25.03258	
25.54748	4.202102	82.34029	
18.32266	102.0201	33.42759	
35.17804	4.712341	78.75378	

18.28482	90.53146	23.55527	
26.16854	4.222665	82.26075	
18.3649	101.9282	32.26783	
35.36896	4.712708	78.24771	

18.32088	90.82236	22.68776	
26.52692	4.234831	82.2123	
18.38974	101.8865	31.56706	
35.48248	4.711975	77.91058	

18.33833	90.96429	22.25294	
26.70513	4.240943	82.18747	
18.40222	101.8694	31.20995	
35.53943	4.711304	77.72949	

18.34639	91.03006	22.04857	
26.78863	4.243809	82.17563	
18.40808	101.8622	31.04069	
35.56616	4.710876	77.64147	

18.35094	90.78745	21.21614	
27.09893	4.263073	82.81732	
18.41763	101.679	30.73961	
35.04391	4.692108	78.13276	

18.35254	90.55072	20.48937	
27.37247	4.280176	83.4122	
18.42505	101.5091	30.49478	
34.54547	4.674774	78.62019	

18.35289	90.40869	20.06178	
27.53515	4.29025	83.76641	
18.42923	101.407	30.35256	
34.24304	4.664398	78.91984	

18.34084	90.17413	19.98422	
27.88678	4.309509	84.31284	
18.43451	101.083	30.12531	
34.28397	4.661133	78.64413	

18.32896	89.98181	20.01484	
28.17906	4.325304	84.74825	
18.43839	100.806	29.93721	
34.39484	4.660339	78.31041	

18.32156	89.86823	20.04929	
28.35003	4.334523	85.00133	
18.44055	100.6438	29.82484	
34.47226	4.660126	78.09747	

18.31772	89.81058	20.06977	
28.43615	4.339161	85.12878	
18.44162	100.5623	29.76742	
34.51349	4.660034	77.98692	

18.3159	89.78323	20.08002	
28.47679	4.341338	85.18895	
18.44214	100.5239	29.7401	
34.53329	4.659973	77.93417	

18.31504	89.77063	20.08484	
28.49544	4.342329	85.21658	
18.44235	100.5062	29.72752	
34.54248	4.659973	77.90987	

18.26414	89.07025	20.48996	
28.41058	4.341269	85.4799	
18.43454	100.2161	29.86383	
33.67819	4.610992	77.75436	

18.21352	88.40283	20.88235	
28.32487	4.339877	85.72142	
18.42682	99.94632	29.99432	
32.8533	4.566315	77.61415	

18.18159	87.99506	21.12493	
28.27158	4.338928	85.86625	
18.42203	99.78362	30.07322	
32.3504	4.539917	77.53053	

18.16491	87.78592	21.25014	
28.24407	4.338415	85.93981	
18.41956	99.70076	30.11334	
32.0929	4.526703	77.4882	

18.15692	87.68649	21.30987	
28.23093	4.338171	85.97466	
18.41833	99.66149	30.13238	
31.97055	4.520447	77.46815	

18.07106	86.56143	21.61067	
26.71189	4.278001	85.76091	
18.40961	99.4397	30.29631	
31.51108	4.461792	75.75964	

17.98675	85.51843	21.88881	
25.28514	4.225169	85.50598	
18.40143	99.2345	30.44533	
31.1048	4.405457	74.16098	

17.93363	84.88898	22.05874	
24.42551	4.194977	85.32924	
18.39639	99.10934	30.53427	
30.86273	4.370453	73.19905	

17.9059	84.56821	22.14606	
23.98856	4.1801	85.23277	
18.3938	99.04508	30.57934	
30.73993	4.352356	72.71018	

17.89261	84.41614	22.18763	
23.78172	4.173149	85.18551	
18.39258	99.01451	30.60061	
30.68182	4.343719	72.4788	

17.88646	84.34619	22.20681	
23.6867	4.169979	85.16345	
18.392	99.00042	30.6104	
30.65512	4.339722	72.37245	

17.84991	83.91309	22.22768	
23.28835	4.157831	85.18589	
18.39426	98.83946	30.459	
30.84335	4.337738	72.00394	

17.81614	83.52103	22.24727	
22.94357	4.147515	85.20537	
18.39642	98.68948	30.31209	
31.03156	4.336884	71.67994	

17.8083	83.33856	21.84625	
20.17443	4.055984	83.52786	
18.40854	98.69359	29.94732	
32.64697	4.430145	72.41578	

17.80913	83.26172	21.4564	
17.57964	3.979021	81.94117	
18.4194	98.73962	29.64007	
34.07495	4.521362	73.19192	

17.81075	83.22821	21.21612	
15.99379	3.936101	80.98787	
18.42593	98.7748	29.45923	
34.90982	4.57782	73.67146	

17.81175	83.21317	21.09235	
15.18037	3.915266	80.50534	
18.42923	98.7942	29.36783	
35.32785	4.606934	73.91714	

17.81226	83.20642	21.03335	
14.7936	3.90565	80.27759	
18.43079	98.80367	29.32462	
35.52432	4.620819	74.03375	

17.77677	82.98871	21.89201	
11.87781	3.834505	78.30717	
18.46558	99.71772	28.7039	
39.11407	4.850586	74.51655	

17.74241	82.78842	22.72479	
9.208343	3.775826	76.48481	
18.49533	100.6028	28.11438	
42.4295	5.100983	74.94753	

17.72126	82.66928	23.23464	
7.60631	3.743405	75.38779	
18.51187	101.1501	27.75244	
44.40997	5.271393	75.20538	

17.71036	82.60913	23.49604	
6.792512	3.727721	74.8303	
18.5199	101.4327	27.56618	
45.41177	5.364349	75.33652	

17.70517	82.58075	23.62031	
6.407357	3.720444	74.56643	
18.52359	101.5676	27.47743	
45.88467	5.409912	75.39867	

17.70278	82.56772	23.67751	
6.230338	3.717169	74.44523	
18.52524	101.6298	27.43651	
46.10178	5.431213	75.42725	

17.64102	81.65323	22.61255	
3.751862	3.624564	69.98439	
18.49237	109.8862	25.49194	
49.62097	5.627777	70.91756	

17.55425	80.56134	21.67037	
13.43976	3.634513	66.02672	
18.1745	117.8554	23.93844	
52.7829	5.765594	65.97051	

17.2359	77.23456	19.72346	
23.79391	3.811547	63.58121	
17.34625	128.5075	21.48879	
58.12299	6.086334	59.13769	

16.91693	74.35339	18.06698	
30.72482	4.012473	61.7289	
16.48392	136.1054	19.47524	
62.20892	6.377594	54.04682	

16.71176	72.66235	17.07317	
34.32697	4.144758	60.55662	
15.93442	140.1659	18.30957	
64.50507	6.568939	51.24069	

16.60379	71.81323	16.56605	
36.02594	4.214212	59.93539	
15.65009	142.111	17.72963	
65.64407	6.675049	49.8759	

16.55181	71.41357	16.32539	
36.80161	4.247462	59.63486	
15.51468	143.0065	17.45814	
66.17889	6.72821	49.24365	

16.52773	71.23029	16.21462	
37.15228	4.262794	59.49528	
15.45227	143.4129	17.33402	
66.42407	6.753357	48.95587	

16.23533	69.14581	15.89209	
36.49225	4.170998	58.20823	
15.18958	144.833	18.15633	
65.24487	6.110992	45.59962	

15.94887	67.21976	15.72542	
35.69861	4.073231	56.95922	
14.95612	146.0222	19.05049	
64.02332	5.53302	42.53053	

15.52287	64.65207	18.0562	
33.155	3.857683	55.01362	
14.50998	148.3572	19.94963	
64.22757	5.168365	39.07284	

15.2061	62.89087	20.34322	
30.96335	3.693761	53.55215	
14.16183	150.0935	20.70354	
64.89471	4.990906	36.70297	

15.03153	61.97122	21.74702	
29.66571	3.603939	52.73873	
13.96707	151.0281	21.18147	
65.43378	4.920288	35.44051	

14.94641	61.53598	22.46688	
29.00827	3.5603	52.33904	
13.87155	151.4766	21.43449	
65.74524	4.893524	34.83457	

14.90688	61.33679	22.80898	
28.69714	3.54007	52.1526	
13.82709	151.6832	21.55694	
65.90143	4.882996	34.55521	

14.88887	61.24661	22.9665	
28.55411	3.53087	52.06742	
13.80682	151.7768	21.61385	
65.9751	4.87854	34.42827	

14.59488	59.6499	23.79016	
27.61057	3.445533	50.95842	
13.64645	152.3476	22.89156	
69.40759	5.357147	33.29466	

14.31762	58.19238	24.59819	
26.75397	3.366325	49.89719	
13.50177	152.8271	24.15331	
72.98981	6.137177	32.69067	

14.07833	57.08636	26.54011	
23.18765	3.275734	50.24924	
13.30713	153.3321	26.41053	
81.12537	11.4043	37.37886	

13.9265	56.44781	28.16258	
20.11285	3.228507	50.92526	
13.1611	153.6663	28.21382	
87.45618	43.61957	69.80495	

13.84622	56.12927	29.11314	
18.33002	3.209584	51.39516	
13.07837	153.843	29.25501	
87.26877	139.5165	166.0547	

13.8074	55.98004	29.59236	
17.44113	3.20216	51.64608	
13.03723	153.9279	29.77685	
85.61203	155.9679	177.2572	

13.78939	55.91177	29.81861	
17.02426	3.199088	51.76711	
13.01791	153.967	30.02265	
84.77554	159.9102	173.1902	

13.78118	55.88086	29.92251	
16.83347	3.197759	51.82318	
13.00903	153.9848	30.13542	
84.38751	161.3124	171.728	

13.78774	56.15176	31.82115	
16.28522	3.106526	49.97488	
13.08032	153.6231	30.17206	
85.62369	156.3743	177.3866	

13.86014	56.98578	34.97318	
13.71741	2.982463	48.18311	
13.30341	152.2856	31.09763	
87.599	134.1477	159.8728	

13.94844	57.83997	37.28137	
11.35049	2.899064	47.08692	
13.49802	151.0804	31.95804	
88.28604	85.34964	110.8198	

14.0108	58.40686	38.54567	
9.898407	2.855781	46.52591	
13.61472	150.3453	32.47373	
87.93085	55.35327	80.70869	

14.04511	58.71136	39.16164	
9.149689	2.835293	46.25969	
13.67419	149.9671	32.73514	
87.5994	45.07568	70.38015	

14.06199	58.85956	39.44781	
8.79245	2.825926	46.13722	
13.70245	149.7869	32.85871	
87.42184	41.21082	66.49259	

14.10145	59.19107	40.01931	
8.1474	2.795611	45.62613	
13.80829	148.9299	33.99518	
87.79141	50.65201	76.09569	

14.3214	60.89142	42.14408	
6.185883	2.760106	45.22546	
14.11349	146.7089	36.03859	
87.05743	37.02679	63.47643	

14.52642	62.50809	43.8815	
4.410004	2.737482	45.00129	
14.37329	144.7893	37.58857	
86.00287	27.23715	54.58356	

14.6522	63.51971	44.85891	
3.313721	2.726175	44.8899	
14.52615	143.6353	38.45663	
85.25687	23.13486	51.01474	

14.71692	64.04672	45.33843	
2.745239	2.720939	44.83752	
14.60318	143.0452	38.88496	
84.8519	21.43024	49.58026	

14.74776	64.29944	45.56153	
2.473145	2.718598	44.81347	
14.63956	142.7645	39.08522	
84.65469	20.69724	48.97504	

14.76197	64.41629	45.66326	
2.347443	2.717549	44.80254	
14.65625	142.6352	39.1768	
84.56293	20.37476	48.71128	

14.75636	64.46881	45.99845	
2.721832	2.729709	45.02406	
14.64285	142.5876	39.58278	
85.82172	27.86902	57.23752	

14.48073	62.81842	46.27626	
5.07132	2.751048	45.20011	
14.63196	142.3095	40.65572	
86.05652	30.93634	61.54783	

14.22376	61.29788	46.39302	
7.201569	2.770053	45.2644	
14.6254	142.052	41.56655	
85.92349	30.63583	62.08525	

14.06916	60.39771	46.42681	
8.483368	2.782183	45.27645	
14.6218	141.8954	42.10611	
85.79095	29.99384	61.8929	

13.99059	59.94458	46.43523	
9.136566	2.788616	45.27589	
14.61996	141.8152	42.37982	
85.71442	29.60352	61.72087	

13.9534	59.73111	46.43731	
9.44635	2.791727	45.2742	
14.61911	141.7771	42.50943	
85.67627	29.40945	61.6282	

13.93631	59.63324	46.43789	
9.588898	2.793185	45.2731	
14.61871	141.7595	42.56906	
85.65863	29.31927	61.58431	

13.66418	57.93701	45.7227	
12.27054	2.837186	45.5257	
14.30954	143.898	41.686	
86.49033	37.01416	69.08813	

13.17894	54.5817	42.0144	
18.44827	2.999987	46.78207	
13.71289	147.8439	39.7606	
86.70242	39.80676	71.85755	

12.90955	52.56143	38.24005	
23.14261	3.164511	47.92664	
13.26205	150.6946	38.1205	
86.52234	37.62531	69.87457	

12.80669	51.68781	35.80354	
25.73083	3.272198	48.62041	
13.0173	152.2089	37.14014	
86.31772	35.4426	67.89306	

12.76978	51.33127	34.51949	
26.99561	3.32965	48.97506	
12.89972	152.9301	36.64126	
86.19073	34.23181	66.80693	

12.75576	51.1821	33.90118	
27.58414	3.357536	49.14342	
12.84564	153.2608	36.40481	
86.12576	33.65002	66.28922	

12.75003	51.11765	33.61473	
27.85263	3.370492	49.22092	
12.82111	153.4107	36.29603	
86.095	33.38177	66.05159	

12.7076	50.94498	33.8832	
28.37463	3.365535	48.75329	
12.95056	152.8583	35.938	
85.80756	31.95148	65.81933	

12.66448	50.77658	34.20521	
28.80331	3.356842	48.27731	
13.08005	152.2865	35.63274	
85.52811	30.72406	65.73765	

12.60258	50.4509	34.00421	
29.91721	3.410416	48.5281	
13.96536	146.9581	38.04858	
81.0014	16.2128	55.09668	

12.54924	50.1615	33.74812	
30.84442	3.462254	48.84172	
14.77057	141.4878	40.57593	
76.4057	11.50549	53.78265	

12.51588	49.98145	33.58882	
31.38214	3.493472	49.02939	
15.24014	137.9209	42.16985	
73.46567	9.854523	54.13548	

12.49837	49.88748	33.50784	
31.65149	3.509282	49.12238	
15.47122	136.0277	42.99353	
71.91776	9.196045	54.4846	

12.48992	49.84232	33.46967	
31.77817	3.516753	49.1656	
15.57831	135.113	43.3856	
71.17218	8.91629	54.67911	

12.486	49.82138	33.45218	
31.83624	3.520194	49.18524	
15.62695	134.6886	43.56614	
70.82675	8.793823	54.77404	

12.24521	48.418	31.14463	
35.28778	3.644983	48.56952	
15.77237	133.692	43.36348	
69.99481	8.642212	56.04887	

12.02754	47.18292	28.86286	
38.62698	3.783571	47.85414	
15.89438	132.8485	43.15375	
69.37201	8.565308	57.2794	

12.02255	46.90384	25.73299	
40.71713	4.032571	49.9879	
16.26385	129.8884	43.09166	
65.64371	7.655426	59.48429	

12.08139	47.01419	23.33872	
41.85278	4.234246	52.25561	
16.54868	127.3721	43.06829	
62.4469	7.061707	61.48528	

12.12822	47.15155	21.96508	
42.43176	4.351701	53.68398	
16.70218	125.9121	43.05249	
60.60043	6.77774	62.7138	

12.15433	47.23645	21.27659	
42.71112	4.410877	54.42492	
16.7757	125.1826	43.04306	
59.68036	6.649231	63.3448	

12.16715	47.27972	20.95206	
42.84125	4.438812	54.77887	
16.80945	124.84	43.03817	
59.24884	6.591675	63.64495	

12.17312	47.3002	20.80308	
42.90079	4.451641	54.94217	
16.8248	124.6831	43.03584	
59.05133	6.565887	63.78325	

12.36999	48.14932	19.46105	
43.18335	4.594573	57.43288	
17.14337	121.1001	43.04435	
55.9104	6.28186	67.58168	

12.55932	48.98438	18.21225	
43.44931	4.724538	59.84649	
17.3858	117.888	42.99764	
53.13977	6.062469	71.1131	

12.97609	50.94699	17.8688	
41.78619	4.817595	65.86793	
17.68109	113.7898	41.91391	
49.53174	5.820221	76.43999	

13.31258	52.58377	17.90599	
40.00769	4.822398	70.76198	
17.85431	110.9547	40.8855	
47.00955	5.66037	80.54817	

13.50483	53.54007	17.9929	
38.86865	4.802246	73.4968	
17.93491	109.4403	40.26495	
45.64441	5.573212	82.88849	

13.60032	54.02106	18.05016	
38.27332	4.786849	74.82718	
17.97064	108.7103	39.95006	
44.97961	5.530121	84.05411	

13.64506	54.24777	18.07984	
37.98804	4.778493	75.44283	
17.98645	108.3728	39.80125	
44.67038	5.509888	84.60145	

13.66553	54.35181	18.09397	
37.8562	4.774435	75.72278	
17.99347	108.2192	39.73291	
44.52927	5.50061	84.85225	

13.82173	55.14536	18.04551	
37.28909	4.763531	77.42041	
18.0368	106.9077	39.42678	
42.61969	5.343964	85.74317	

14.08036	56.62323	20.65898	
34.30835	4.601697	78.8009	
18.06552	105.3154	39.3611	
38.55997	5.037018	86.03255	

14.25978	57.76447	23.26383	
31.63538	4.464746	79.09962	
18.07483	104.2172	39.40858	
35.26239	4.826447	85.98634	

14.35273	58.41061	24.88743	
30.06299	4.389027	78.98713	
18.0766	103.6197	39.45896	
33.35248	4.718597	85.89335	

14.3964	58.73129	25.72647	
29.2757	4.352356	78.85764	
18.07666	103.3277	39.48921	
32.3956	4.668121	85.83189	

14.4163	58.88165	26.1266	
28.90601	4.335409	78.78058	
18.07651	103.1916	39.50448	
31.94525	4.645172	85.7999	

14.4253	58.9505	26.31112	
28.73669	4.327724	78.74191	
18.07642	103.1294	39.5117	
31.73868	4.634796	85.78459	

14.84326	61.88135	30.69131	
23.82111	4.160297	80.29037	
18.04251	103.0156	40.29194	
28.09824	4.462311	84.84663	

15.15978	64.47754	34.74254	
18.79446	4.023131	80.99793	
18.00928	102.8959	41.04483	
24.64316	4.325226	84.01163	

15.31791	65.97049	37.14407	
15.67615	3.954359	81.08862	
17.98856	102.8126	41.50819	
22.54666	4.253326	83.53359	

15.3895	66.70886	38.35073	
14.08539	3.923755	81.04587	
17.97784	102.7665	41.74661	
21.47919	4.219818	83.29854	

15.42141	67.05353	38.91824	
13.3334	3.910297	81.00611	
17.97272	102.7438	41.86014	
20.97391	4.20462	83.18922	

15.54243	67.83136	38.7266	
11.70276	3.901863	83.03076	
18.01834	102.7243	40.85113	
19.88965	4.18457	84.06164	

15.64944	68.50104	38.42643	
10.21387	3.893925	85.01265	
18.06268	102.6683	39.84979	
18.93112	4.168304	84.94741	

15.71319	68.90155	38.2298	
9.281372	3.888152	86.24139	
18.08975	102.616	39.22836	
18.34543	4.158569	85.50481	

15.74553	69.10571	38.12722	
8.793732	3.884879	86.87576	
18.10361	102.5841	38.90725	
18.04346	4.153625	85.79488	

15.76082	69.20258	38.07822	
8.559387	3.88327	87.17828	
18.11014	102.5677	38.75402	
17.89935	4.151245	85.93376	

15.76786	69.24719	38.05563	
8.450867	3.882508	87.31778	
18.11316	102.5599	38.68334	
17.83289	4.150146	85.99793	

15.97552	70.17307	35.65868	
3.450073	3.849872	89.69271	
18.08749	100.8382	39.15824	
17.23868	4.137238	86.057	

16.23499	72.12076	35.66127	
5.12861	3.857845	89.41665	
17.98877	98.06792	40.63385	
15.23737	4.083069	84.26595	

16.41024	73.70523	36.41081	
11.58982	3.918958	88.18657	
17.88617	95.94689	41.86045	
13.54852	4.036346	82.45604	

16.50316	74.63339	36.9825	
15.19115	3.973574	87.25816	
17.81827	94.73323	42.56953	
12.5621	4.008362	81.31242	

16.5478	75.10281	37.29482	
16.96268	4.006048	86.7508	
17.78186	94.12576	42.92381	
12.06631	3.994019	80.71579	

16.56841	75.32489	37.44658	
17.78956	4.022478	86.50414	
17.76416	93.83959	43.09028	
11.83267	3.987213	80.42977	

16.5778	75.42706	37.51696	
18.16739	4.030271	86.38959	
17.75592	93.70824	43.16657	
11.72546	3.98407	80.29754	

16.66895	76.31696	37.80496	
19.79922	4.064228	85.62897	
17.82468	93.29369	41.23624	
10.31049	3.951569	79.1992	

16.83618	77.59637	37.03451	
22.94565	4.151724	85.73861	
17.92236	93.20628	38.80829	
9.168335	3.921387	77.97883	

16.95975	78.50327	36.22108	
25.32914	4.230729	86.0263	
17.99094	93.25679	37.12974	
8.522247	3.902863	77.19093	

17.02758	78.99701	35.71474	
26.65467	4.279421	86.21964	
18.02802	93.30993	36.21917	
8.201538	3.89328	76.77912	

17.06071	79.23767	35.45392	
27.30572	4.304627	86.32027	
18.04602	93.34131	35.77523	
8.051056	3.888702	76.58204	

17.07611	79.34961	35.32977	
27.60936	4.316693	86.36813	
18.05438	93.357	35.56857	
7.982086	3.886566	76.4911	

17.08314	79.4007	35.27259	
27.74804	4.322261	86.39012	
18.0582	93.36438	35.47417	
7.950806	3.88562	76.44975	

17.354	80.97293	31.54506	
34.48651	4.647689	87.85223	
18.21326	96.04866	33.78529	
12.86307	3.914734	74.99824	

17.5895	82.4379	27.93899	
41.02694	5.082465	89.03029	
18.3316	98.55138	32.13746	
17.41873	3.962311	73.50673	

17.72291	83.32352	25.71053	
45.02234	5.426262	89.64092	
18.39041	100.0496	31.11168	
20.12842	4.000214	72.55054	

17.78828	83.77582	24.56053	
47.05645	5.630424	89.92322	
18.41675	100.8084	30.58078	
21.4949	4.022125	72.04881	

17.81864	83.9906	24.01206	
48.01816	5.734914	90.05057	
18.42838	101.1668	30.32731	
22.13901	4.033112	71.80779	

17.83246	84.08948	23.75908	
48.45967	5.784719	90.1078	
18.43353	101.3314	30.21034	
22.43442	4.0383	71.69628	

17.83073	83.95343	23.31446	
48.51696	5.789942	89.94309	
18.49078	102.9525	28.6645	
23.40231	4.076935	72.15496	

17.92556	84.59631	21.26519	
48.63253	5.801124	89.69127	
18.50793	104.6623	27.96114	
24.1185	4.177338	75.61256	

18.01334	85.27679	19.45658	
48.72627	5.809995	89.47414	
18.50403	105.8338	27.7397	
24.5705	4.248627	78.60892	

18.06531	85.70972	18.38229	
48.77722	5.814633	89.33638	
18.49762	106.4888	27.6674	
24.82431	4.284454	80.3123	

18.09144	85.93594	17.83844	
48.80149	5.816755	89.26332	
18.49344	106.8157	27.64019	
24.95276	4.300903	81.14795	

18.10373	86.04443	17.58135	
48.81258	5.81772	89.22791	
18.49124	106.9698	27.6288	
25.01392	4.308319	81.53629	

18.10937	86.0946	17.46325	
48.81758	5.818142	89.21144	
18.4902	107.0406	27.62375	
25.04214	4.311676	81.71322	

18.14418	86.59253	17.64048	
48.01038	5.714369	87.90443	
18.46307	106.0279	28.90587	
26.49976	4.39975	84.85246	

18.17327	87.03488	17.85295	
47.22099	5.615107	86.65263	
18.43176	105.0819	30.13267	
27.63507	4.465454	87.60922	

18.18949	87.29257	17.99431	
46.73006	5.554436	85.88528	
18.41016	104.5207	30.88148	
28.22128	4.497498	89.18835	

18.19738	87.42108	18.06971	
46.4758	5.523319	85.49105	
18.39841	104.2385	31.26487	
28.49313	4.511688	89.96761	

18.20104	87.48132	18.10619	
46.35428	5.508548	85.30349	
18.39264	104.1057	31.44695	
28.61591	4.517975	90.33099	

18.2027	87.50891	18.12313	
46.29819	5.501743	85.21704	
18.38995	104.0449	31.53079	
28.67108	4.520721	90.49677	

18.22818	87.75879	17.62292	
46.14119	5.489778	85.45856	
18.37552	103.5856	31.98592	
29.06946	4.538208	90.55833	

18.26838	88.19666	16.96436	
46.85073	5.565036	85.76532	
18.35782	103.3247	32.49087	
29.2634	4.547791	91.10525	

18.29818	88.53619	16.49147	
47.57295	5.643117	85.97897	
18.34509	103.205	32.84314	
29.3074	4.550323	91.59505	

18.31491	88.73148	16.22757	
48.02063	5.692844	86.09663	
18.33786	103.1497	33.04091	
29.30734	4.550537	91.88233	

18.3232	88.82947	16.09684	
48.25119	5.718905	86.15468	
18.33423	103.1241	33.13972	
29.30173	4.550354	92.02621	

18.32709	88.87573	16.03552	
48.36101	5.731389	86.18181	
18.33252	103.1124	33.18633	
29.29794	4.550171	92.09382	

18.32887	88.89694	16.00743	
48.41162	5.737189	86.19424	
18.33173	103.107	33.20772	
29.29599	4.55011	92.12478	

18.35095	89.22302	15.92782	
48.34548	5.743541	87.23312	
18.27615	103.0052	34.6703	
29.211	4.546204	91.79838	

18.37102	89.52298	15.84363	
48.27111	5.746824	88.24414	
18.21964	102.9151	36.10458	
29.15976	4.543671	91.46768	

18.38294	89.70245	15.78609	
48.22455	5.747902	88.87173	
18.18329	102.8635	37.00094	
29.14307	4.542664	91.25875	

18.38897	89.7934	15.7547	
48.20061	5.748213	89.19644	
18.16409	102.8382	37.46664	
29.13885	4.542328	91.1497	

18.39182	89.83643	15.73929	
48.18923	5.748283	89.35152	
18.15482	102.8263	37.68953	
29.13791	4.542236	91.09742	

18.39313	89.85617	15.73209	
48.184	5.748335	89.42313	
18.15051	102.821	37.79251	
29.1377	4.542175	91.07323	

18.38245	89.74176	15.98872	
48.3203	5.76467	89.55731	
18.14462	103.4084	37.89416	
29.37891	4.551117	90.25399	

18.34245	89.2774	16.73784	
48.66713	5.804695	89.64625	
18.12433	104.8648	38.12342	
30.13461	4.578491	88.53737	

18.30709	88.8764	17.36595	
48.95005	5.837635	89.68944	
18.10089	106.0546	38.30701	
30.75754	4.59903	87.17551	

18.28581	88.63992	17.73372	
49.11376	5.856905	89.70866	
18.08447	106.7441	38.41161	
31.11636	4.610016	86.39468	

18.27494	88.52048	17.91905	
49.19579	5.866618	89.71712	
18.0755	107.0899	38.46357	
31.29544	4.615204	86.00471	

18.26977	88.46405	18.00653	
49.23442	5.871181	89.72087	
18.07108	107.2529	38.48792	
31.37958	4.617615	85.82138	

18.26739	88.43814	18.04671	
49.25215	5.8733	89.72257	
18.069	107.3276	38.49906	
31.41809	4.618683	85.7373	

18.1193	86.70877	19.64229	
48.66073	5.810143	90.46188	
17.95212	110.8165	38.85939	
34.29019	4.727783	82.46816	

17.96595	85.07556	21.1762	
48.04475	5.744627	91.10571	
17.79132	114.179	39.15353	
37.10858	4.83609	79.24815	

17.8666	84.08591	22.11946	
47.64622	5.702684	91.46869	
17.66928	116.2435	39.31027	
38.86975	4.904663	77.23306	

17.81404	83.58102	22.60468	
47.43567	5.6807	91.64577	
17.59979	117.3031	39.38412	
39.78461	4.940674	76.18662	

17.78867	83.34161	22.83573	
47.33414	5.670155	91.7278	
17.56512	117.8068	39.4177	
40.22247	4.958038	75.6861	

17.77691	83.23148	22.94221	
47.28707	5.665277	91.7651	
17.54883	118.0388	39.43285	
40.42474	4.966064	75.45493	

17.71872	82.54929	22.83817	
47.84752	5.730054	92.98916	
17.43604	120.8074	37.48927	
40.82745	4.957458	74.13643	

17.66321	81.91718	22.73194	
48.39021	5.792516	94.14635	
17.30627	123.3502	35.63632	
40.9975	4.932251	72.90288	

17.62845	81.53214	22.67191	
48.72157	5.830534	94.85014	
17.21625	124.8687	34.51205	
41.0119	4.909271	72.14642	

17.61035	81.33472	22.64297	
48.89125	5.849994	95.21016	
17.16708	125.6372	33.93898	
40.99341	4.895325	71.75735	

17.60168	81.24078	22.62969	
48.97183	5.859232	95.38116	
17.14304	126.0001	33.66749	
40.97849	4.888184	71.57201	

17.59767	81.19754	22.62367	
49.0089	5.863469	95.45985	
17.13181	126.1667	33.54268	
40.97031	4.884766	71.48657	

17.27705	78.6217	25.52977	
48.28717	5.765556	98.47269	
17.00253	126.416	35.86803	
40.9252	4.766479	68.2331	

16.95687	76.3024	28.27027	
47.33158	5.632902	101.1396	
16.88196	126.5408	38.16588	
40.93887	4.638306	64.98566	

16.75639	74.95227	29.92307	
46.63513	5.537897	102.6715	
16.80951	126.5699	39.59617	
40.97873	4.551575	62.91941	

16.65258	74.27997	30.76343	
46.2478	5.486054	103.4283	
16.7728	126.5704	40.33661	
41.00983	4.504364	61.83327	

16.60305	73.96509	31.16121	
46.0568	5.460753	103.7814	
16.75549	126.567	40.69026	
41.02737	4.481262	61.31013	

16.55915	73.7207	31.65069	
45.4473	5.395313	104.0506	
16.83954	125.2937	41.58128	
41.47183	4.547943	62.13215	

16.52832	73.55856	32.02635	
44.90001	5.339336	104.2247	
16.91956	124.0617	42.34011	
41.80035	4.61142	63.04813	

16.51099	73.46945	32.24245	
44.56781	5.306245	104.3187	
16.96686	123.3023	42.78653	
41.95718	4.64798	63.62733	

16.50237	73.42548	32.35087	
44.39738	5.289549	104.3646	
16.99051	122.911	43.01173	
42.02509	4.665924	63.92759	

16.4983	73.40485	32.402	
44.31625	5.281637	104.386	
17.00159	122.7246	43.11804	
42.05444	4.674255	64.07086	

16.49645	73.39542	32.42548	
44.27889	5.278042	104.3958	
17.00665	122.6386	43.16684	
42.06732	4.678009	64.13698	

16.24362	71.73175	33.76045	
41.6869	5.048508	104.7077	
16.97961	122.0024	44.7536	
41.47488	4.603577	63.3582	

15.98975	70.12793	35.01055	
39.15389	4.852619	104.9205	
16.95169	121.386	46.26467	
40.90317	4.531555	62.58073	

15.82867	69.14117	35.76269	
37.57971	4.743424	105.0084	
16.93405	120.9977	47.18891	
40.55121	4.487427	62.09531	

15.74434	68.63339	36.14474	
36.76547	4.690401	105.0407	
16.92487	120.7946	47.66317	
40.36972	4.464752	61.84381	

15.70385	68.39157	36.32548	
36.37674	4.665879	105.053	
16.92047	120.6971	47.88875	
40.2832	4.453949	61.72361	

15.68509	68.28009	36.40853	
36.19739	4.654716	105.058	
16.91846	120.6519	47.99264	
40.24326	4.448944	61.66817	

15.64159	68.11078	36.99269	
35.86938	4.634243	105.0874	
16.89984	120.8903	47.97904	
40.6763	4.495728	62.10579	

15.60395	67.97369	37.52805	
35.59542	4.617333	105.1131	
16.88235	121.1277	47.94198	
41.10498	4.542725	62.54092	

15.5814	67.89319	37.85069	
35.43321	4.607442	105.1281	
16.87164	121.2739	47.9158	
41.37103	4.572205	62.81067	

15.56991	67.85242	38.01514	
35.35085	4.602449	105.1357	
16.86615	121.349	47.90176	
41.50854	4.587555	62.94993	

15.56444	67.83313	38.09314	
35.3118	4.600071	105.1392	
16.86353	121.3847	47.89499	
41.57416	4.594879	63.01635	

15.56193	67.82428	38.12901	
35.29387	4.599006	105.1408	
16.86234	121.4012	47.89182	
41.6044	4.598267	63.04702	

15.57154	67.87701	38.07224	
35.10105	4.598	104.5524	
16.67285	124.0157	47.09133	
43.54398	4.680908	61.92551	

15.58121	67.92902	38.01019	
34.92411	4.596967	103.9992	
16.47214	126.4661	46.29909	
45.31046	4.760803	60.85401	

15.58717	67.96091	37.97127	
34.81802	4.596201	103.6656	
16.34085	127.9386	45.80357	
46.34802	4.809845	60.20202	

15.59021	67.97723	37.95116	
34.76415	4.595752	103.4957	
16.27121	128.6858	45.54654	
46.86734	4.834961	59.86879	

15.59167	67.98502	37.94159	
34.73866	4.595541	103.4153	
16.23758	129.0391	45.42368	
47.11124	4.846924	59.71061	

15.59234	67.98859	37.93718	
34.72695	4.595448	103.3783	
16.22198	129.2014	45.36697	
47.22287	4.852417	59.63783	

15.59264	67.99017	37.93518	
34.72161	4.595373	103.3615	
16.21484	129.2752	45.34115	
47.27353	4.854889	59.60472	

15.55707	67.91245	38.64464	
34.97549	4.608537	103.4569	
16.16986	129.4545	45.78339	
48.20358	4.942322	59.71773	

15.52246	67.80536	39.18974	
35.46891	4.629443	103.9625	
16.17136	129.1706	46.3555	
49.23438	5.078857	60.4572	

15.50118	67.7291	39.47767	
35.85707	4.645222	104.4118	
16.18726	128.8399	46.75499	
49.92548	5.185669	61.16	

15.49025	67.68716	39.61328	
36.07993	4.654182	104.6799	
16.1994	128.6271	46.97313	
50.29846	5.247833	61.59732	

15.48504	67.66663	39.67501	
36.19147	4.658646	104.8159	
16.20609	128.5159	47.0799	
50.48044	5.279236	61.82437	

15.48266	67.65704	39.70287	
36.24401	4.66074	104.8803	
16.20935	128.4626	47.12967	
50.56519	5.294128	61.9331	

15.48157	67.65265	39.71546	
36.26811	4.661719	104.9099	
16.21085	128.4379	47.15242	
50.60391	5.300995	61.98337	

15.53272	68.06674	39.96566	
37.15662	4.709072	105.384	
16.23428	128.6552	46.2844	
49.68979	5.305115	63.82241	

15.58149	68.46509	40.19868	
38.00338	4.756428	105.824	
16.25723	128.871	45.41617	
48.86057	5.311066	65.61363	

15.61114	68.70941	40.3391	
38.52144	4.786477	106.0889	
16.27164	129.0049	44.86805	
48.37781	5.315826	66.72755	

15.6263	68.83496	40.4106	
38.78731	4.80219	106.2236	
16.27914	129.0741	44.58183	
48.13748	5.318542	67.30437	

15.63349	68.89471	40.44446	
38.91379	4.809757	106.2874	
16.28275	129.1071	44.44446	
48.02487	5.319916	67.58002	

15.6368	68.92224	40.46004	
38.97206	4.813261	106.3168	
16.28439	129.1223	44.38094	
47.97339	5.320557	67.70725	

15.62508	68.85059	40.50386	
38.88794	4.800457	106.6566	
16.30817	129.2616	43.63488	
46.20291	5.171478	68.06714	

15.59878	68.67194	40.5313	
38.37969	4.753652	107.216	
16.30145	129.4435	43.36492	
41.36121	4.834442	69.25186	

15.57774	68.52679	40.542	
37.92021	4.713704	107.6344	
16.28629	129.5781	43.35522	
37.34576	4.617126	70.42027	

15.56565	68.44293	40.54543	
37.64333	4.690253	107.8681	
16.2753	129.6549	43.3935	
35.02161	4.511871	71.16118	

15.55961	68.40094	40.54648	
37.50203	4.678469	107.9834	
16.26929	129.6934	43.42187	
33.8605	4.464142	71.54729	

15.55677	68.38116	40.54684	
37.43496	4.672891	108.0374	
16.26636	129.7115	43.437	
33.31512	4.44278	71.73214	

15.55547	68.3721	40.54699	
37.40409	4.670331	108.062	
16.26501	129.7198	43.44429	
33.06531	4.433197	71.81756	

15.55487	68.36798	40.54705	
37.39005	4.669195	108.0733	
16.2644	129.7236	43.44769	
32.95193	4.428894	71.85641	

15.60572	69.56689	43.60848	
32.27889	4.517151	98.95863	
16.32565	124.5423	52.32825	
23.73215	3.690155	59.81169	

15.66564	70.85199	46.34301	
28.14973	4.357148	90.24281	
16.40317	118.3581	59.81675	
16.07837	3.158142	50.7281	

15.70815	71.70782	47.91918	
25.91953	4.243738	85.08887	
16.43024	113.8261	63.99313	
11.33405	2.88974	46.10004	

15.73174	72.16824	48.69899	
24.84879	4.180915	82.52699	
16.42633	111.2474	66.03429	
8.791473	2.767151	43.95258	

15.74338	72.3924	49.06294	
24.35545	4.150043	81.33136	
16.41803	109.9569	66.98282	
7.547485	2.712341	42.97999	

15.77186	72.84698	49.67348	
22.91003	4.085684	79.86678	
16.40762	108.0495	68.14918	
3.965942	2.636475	41.66412	

15.44631	71.0882	51.83073	
14.02753	3.795602	74.274	
16.27115	99.77647	71.78876	
5.005322	2.550323	39.55379	

15.10368	69.18518	53.62664	
5.233091	3.600075	69.19282	
15.8815	91.60263	74.80176	
13.22243	2.531891	37.78555	

14.88184	67.96408	54.65109	
0.3549805	3.517301	66.18928	
15.50006	86.4123	76.46378	
18.31183	2.547302	36.71217	

14.76458	67.3241	55.15749	
3.274109	3.486442	64.69427	
15.26086	83.71405	77.25385	
20.93194	2.563354	36.1586	

14.70802	67.01682	55.39397	
4.673096	3.474676	63.99627	
15.13693	82.42612	77.61316	
22.17755	2.572998	35.89425	

14.60267	65.54041	53.08541	
10.12561	3.554447	64.91929	
14.64511	77.40288	78.13108	
28.20675	2.710632	35.69256	

14.52583	64.31323	50.70338	
14.74075	3.656803	65.99583	
14.17776	73.28033	78.33507	
33.62627	2.877747	35.51311	

14.48513	63.6217	49.18612	
17.38086	3.729156	66.6803	
13.89273	70.98025	78.36008	
36.87813	3.001434	35.38896	

14.46571	63.2821	48.39192	
18.68683	3.768795	67.03373	
13.74765	69.85832	78.3474	
38.53506	3.072449	35.3195	

14.45678	63.12396	48.01067	
19.29681	3.788203	67.20177	
13.67902	69.33784	78.33572	
39.32111	3.108185	35.28492	

14.45273	63.05182	47.83432	
19.57544	3.79727	67.27914	
13.64749	69.10083	78.32917	
39.68284	3.125122	35.26864	

13.6698	56.67459	39.26866	
34.70514	4.304067	64.51068	
12.03812	55.45901	68.90183	
51.62699	4.198547	37.70377	

12.83554	51.10754	29.9328	
48.03683	5.045488	57.52357	
11.39127	48.51869	55.45939	
55.03648	4.832336	40.21567	

12.27761	47.96231	24.05857	
54.23929	5.476872	51.82173	
11.21591	45.81484	46.22638	
54.97947	4.968292	41.77859	

11.97735	46.42142	21.0916	
56.61877	5.623106	48.79144	
11.14929	44.72247	41.44072	
54.57841	4.981293	42.53867	

11.83145	45.70517	19.7033	
57.5459	5.664663	47.36906	
11.11905	44.25818	39.18489	
54.32631	4.977325	42.88209	

11.76361	45.37872	19.06987	
57.92819	5.676821	46.72202	
11.10507	44.05492	38.15327	
54.19936	4.973602	43.03555	

11.254	43.22351	21.50125	
59.10788	5.374174	41.16866	
10.16116	39.23156	31.59575	
54.78435	4.87796	41.07643	

10.74782	41.1561	23.91106	
60.0459	5.019421	36.26421	
9.483643	35.93474	24.94249	
53.9012	4.625336	39.56311	

10.42342	39.86118	25.36731	
60.53564	4.773809	33.42557	
9.167023	34.46828	20.77854	
52.81449	4.42749	38.80889	

10.25236	39.18652	26.10479	
60.7569	4.639657	32.01701	
9.030884	33.86265	18.64035	
52.13048	4.320618	38.46685	

10.16991	38.8631	26.45275	
60.85403	4.573955	31.3586	
8.972107	33.60765	17.62605	
51.77963	4.269409	38.31397	

9.87876	37.80569	28.6763	
58.87289	4.137534	30.21189	
8.807007	32.92528	15.46518	
50.68847	4.081696	37.44879	

9.606196	36.84058	30.70635	
56.87891	3.778545	29.27455	
8.680573	32.42171	13.59601	
49.56322	3.91391	36.73706	

9.436241	36.24808	31.92748	
55.6189	3.579921	28.7296	
8.612793	32.16096	12.47297	
48.81547	3.814331	36.34358	

9.347804	35.94223	32.54909	
54.96085	3.483498	28.45647	
8.580475	32.0395	11.89934	
48.41394	3.764191	36.15333	

9.305399	35.7962	32.84364	
54.64505	3.438875	28.32792	
8.565643	31.9845	11.62685	
48.21869	3.74054	36.06553	

9.285806	35.72882	32.97908	
54.49896	3.418577	28.269	
8.558929	31.95978	11.50136	
48.12785	3.729736	36.02569	

9.188398	35.42642	33.96593	
53.63278	3.264794	27.57019	
8.361053	31.17609	11.89673	
47.82973	3.367889	32.19195	

9.264651	35.79568	34.53971	
49.26328	2.804925	26.27671	
8.26593	30.79842	12.31594	
44.21592	2.707886	27.35462	

9.369308	36.24863	34.76968	
45.08224	2.482357	25.33906	
8.238586	30.68859	12.58338	
39.81335	2.223724	24.04037	

9.438723	36.54312	34.85492	
42.46216	2.32017	24.84513	
8.232574	30.66386	12.72419	
36.57914	1.969971	22.29103	

9.475358	36.69757	34.88786	
41.09897	2.245541	24.61248	
8.231537	30.65924	12.79208	
34.74001	1.851379	21.46065	

9.492964	36.77167	34.90148	
40.44623	2.211909	24.50658	
8.231415	30.65851	12.82355	
33.81929	1.797668	21.08066	

9.501105	36.80591	34.90739	
40.14465	2.196831	24.45879	
8.231445	30.65848	12.83791	
33.3848	1.773499	20.90874	

9.631094	37.31165	34.60021	
39.29535	2.148888	24.24515	
8.343658	31.10135	12.48289	
33.33343	1.774658	20.93809	

9.899215	38.39957	34.31843	
35.60617	2.013784	24.01015	
8.939819	33.46719	11.64205	
30.6874	1.741547	21.25749	

10.11277	39.27783	34.12986	
32.43713	1.922484	23.90962	
9.456238	35.549	10.94002	
28.34541	1.716522	21.53536	

10.2359	39.78781	34.02273	
30.5957	1.877825	23.88417	
9.757507	36.77925	10.52577	
26.99796	1.704102	21.6963	

10.29762	40.04431	33.96845	
29.6759	1.857592	23.88009	
9.908386	37.40015	10.31595	
26.33129	1.698456	21.77643	

10.32669	40.16534	33.94263	
29.24411	1.848519	23.88013	
9.979309	37.69321	10.21663	
26.02	1.695923	21.81399	

10.34003	40.22095	33.93073	
29.04639	1.844482	23.88054	
10.01181	37.82773	10.17098	
25.87791	1.694794	21.83115	

10.85596	42.39194	33.4371	
25.60358	1.734814	23.24128	
10.73529	40.85153	9.833032	
26.60286	1.716736	21.96067	

11.33244	44.43301	32.88105	
22.60861	1.648223	22.65961	
11.39752	43.70138	9.380029	
27.51481	1.742737	22.09062	

11.61606	45.66641	32.50105	
20.90729	1.602069	22.31714	
11.78864	45.42753	9.039037	
28.14993	1.761078	22.17674	

11.75922	46.29456	32.29461	
20.07236	1.580087	22.14516	
11.98492	46.30726	8.84565	
28.49467	1.77121	22.22329	

11.82673	46.59219	32.19373	
19.68427	1.570006	22.06419	
12.07721	46.72409	8.749372	
28.66254	1.776184	22.24603	

11.85769	46.729	32.14668	
19.50745	1.56544	22.02709	
12.11948	46.91577	8.704097	
28.74071	1.778534	22.25662	

12.47109	49.46356	30.95256	
17.84442	1.582798	22.56728	
12.71661	49.65376	9.004316	
31.31943	1.802399	21.86671	

13.04604	52.11792	29.73166	
16.43762	1.602008	23.08356	
13.26581	52.26645	9.249655	
33.90886	1.835785	21.52614	

13.39272	53.76788	28.94394	
15.65363	1.614437	23.39459	
13.59268	53.87145	9.375225	
35.54594	1.862183	21.33614	

13.56887	54.62207	28.52773	
15.27365	1.620969	23.55224	
13.75757	54.69663	9.432047	
36.3991	1.877625	21.24442	

13.65218	55.03012	28.32693	
15.09824	1.624095	23.62669	
13.83527	55.08944	9.457246	
36.80773	1.885468	21.20219	

13.94169	56.40356	26.9746	
14.12741	1.654864	24.24726	
14.04343	56.16922	8.478868	
37.5062	1.955933	21.79778	

14.18825	57.59512	25.70953	
13.28476	1.683409	24.81573	
14.21979	57.10563	7.517695	
38.04025	2.022125	22.38582	

14.33115	58.29715	24.93536	
12.7955	1.700682	25.15699	
14.32275	57.6622	6.920565	
38.33649	2.062531	22.75043	

14.40249	58.65109	24.53749	
12.55124	1.709488	25.33045	
14.37445	57.9445	6.611728	
38.48158	2.083252	22.93865	

14.436	58.81812	24.34805	
12.43661	1.713676	25.41258	
14.3988	58.07812	6.464279	
38.54901	2.093109	23.02843	

14.45132	58.89474	24.26076	
12.38416	1.715576	25.45035	
14.40997	58.13953	6.396261	
38.57978	2.097656	23.0698	

15.03704	62.10333	22.90164	
9.733917	1.691216	25.38681	
14.71228	59.77838	6.24403	
31.77201	1.94104	23.52128	

15.84447	66.79852	19.5869	
5.175293	1.685189	25.71049	
15.30136	63.12753	5.887807	
24.90632	1.889832	24.76573	

16.36154	70.08633	16.85498	
1.704437	1.688679	25.97125	
15.75815	65.89919	5.429146	
20.76882	1.889526	25.73754	

16.62201	71.85809	15.27484	
0.2381351	1.692996	26.11256	
16.0144	67.53545	5.088609	
18.70249	1.896149	26.27264	

16.74348	72.71686	14.48488	
1.194257	1.695753	26.18072	
16.14044	68.36476	4.896742	
17.73796	1.900635	26.53227	

16.79872	73.1152	14.11352	
1.640531	1.697187	26.2122	
16.19919	68.75742	4.801452	
17.29817	1.902924	26.65245	

16.93377	74.14273	13.7475	
1.535205	1.673216	25.81266	
16.3735	69.92668	5.127226	
18.43963	1.951721	27.16501	

17.29629	77.11179	13.26885	
3.757874	1.703508	26.10771	
16.77106	72.73548	6.718083	
20.65105	1.995331	27.33315	

17.57947	79.67194	12.99537	
8.457855	1.758415	26.61776	
17.07437	75.07557	8.141261	
22.33191	2.023041	27.33628	

17.7352	81.19778	12.87731	
11.16058	1.801134	26.99241	
17.24078	76.45391	8.993143	
23.27219	2.037964	27.31372	

17.81061	81.97333	12.82867	
12.49588	1.825357	27.19912	
17.32156	77.15201	9.425567	
23.73542	2.045319	27.29805	

17.84545	82.34079	12.80814	
13.11865	1.837409	27.30042	
17.35898	77.48249	9.630159	
23.95175	2.048767	27.28993	

17.86127	82.50983	12.79922	
13.40289	1.84307	27.34768	
17.37601	77.63448	9.724175	
24.05066	2.050323	27.28607	

17.90593	83.0343	13.18686	
14.28442	1.866949	27.59014	
17.42984	78.13807	10.44827	
23.60245	2.032471	27.1464	

17.98024	83.88495	13.3135	
12.34885	1.917082	28.71825	
17.58633	79.60854	11.04573	
19.05709	2.002319	27.80035	

18.03661	84.54218	13.30041	
10.32736	1.961187	29.74858	
17.71289	80.86031	11.38562	
15.12881	2.000763	28.57161	

18.06838	84.91931	13.26797	
9.098083	1.988797	30.37952	
17.7847	81.59987	11.55331	
12.89301	2.00882	29.08875	

18.08412	85.10822	13.2465	
8.474335	2.003254	30.70453	
17.82016	81.97424	11.63145	
11.79343	2.015106	29.36454	

18.09149	85.19724	13.23534	
8.17981	2.010206	30.85953	
17.83676	82.15133	11.66711	
11.2815	2.018555	29.49787	

18.09487	85.2381	13.23003	
8.044617	2.013435	30.93099	
17.84433	82.23272	11.68327	
11.04805	2.020264	29.5597	

18.0964	85.25665	13.22757	
7.983276	2.014895	30.96355	
17.84778	82.2697	11.69057	
10.94238	2.021027	29.58792	

18.09413	85.24854	13.38937	
7.317078	2.019368	31.11796	
17.90039	82.85184	11.89124	
9.967836	2.026306	29.81114	

18.12224	85.57224	13.18479	
6.759369	2.035245	31.45353	
18.02167	84.23873	12.11854	
9.893713	2.041443	30.06837	

18.15009	85.89337	12.94033	
6.452423	2.04913	31.72673	
18.1152	85.37335	12.25017	
10.10627	2.054016	30.24376	

18.16724	86.09338	12.78375	
6.305847	2.057385	31.88552	
18.16711	86.03274	12.31089	
10.27706	2.061432	30.34064	

18.17606	86.1969	12.70224	
6.238831	2.061574	31.96534	
18.19257	86.36406	12.33747	
10.37138	2.065186	30.38871	

18.18024	86.24634	12.6633	
6.208557	2.063547	32.00298	
18.20441	86.52028	12.34918	
10.41732	2.066986	30.41125	

18.18217	86.26917	12.64532	
6.194916	2.064464	32.02027	
18.20978	86.592	12.35436	
10.43866	2.06781	30.42162	

18.20071	86.4935	12.50326	
6.516327	2.074652	32.1636	
18.24963	87.12898	12.3807	
11.06375	2.07019	30.36751	

18.24396	87.03137	12.19369	
5.89325	2.083334	32.381	
18.32291	88.12366	12.14571	
11.2883	2.088898	30.63817	

18.27836	87.47137	11.94739	
5.181824	2.088778	32.54624	
18.37766	88.89851	11.90534	
11.2795	2.105621	30.91305	

18.29795	87.72705	11.80636	
4.724609	2.091781	32.64128	
18.40793	89.34109	11.75418	
11.23165	2.11554	31.0832	

18.30767	87.85559	11.73598	
4.485504	2.093302	32.68911	
18.42273	89.56194	11.67563	
11.19838	2.120544	31.17078	

18.31224	87.91617	11.70293	
4.370911	2.094013	32.71169	
18.42966	89.66578	11.63806	
11.18081	2.122894	31.21246	

18.31433	87.94397	11.68778	
4.317932	2.094349	32.72208	
18.4328	89.71342	11.62069	
11.17242	2.124023	31.2317	

18.3658	88.67136	11.52026	
3.240723	2.103334	32.96632	
18.48099	90.48708	11.51958	
10.79159	2.116913	31.1741	

18.41225	89.35629	11.36095	
2.229004	2.112233	33.19312	
18.5235	91.20649	11.42781	
10.41174	2.109497	31.10953	

18.4395	89.77209	11.2628	
1.615356	2.117838	33.32932	
18.5481	91.64024	11.37276	
10.1715	2.104767	31.06711	

18.45314	89.98456	11.21219	
1.30191	2.120785	33.39848	
18.5603	91.86114	11.34475	
10.04591	2.102295	31.04457	

18.46798	90.23727	11.28057	
1.510773	2.119458	33.36368	
18.56512	92.00823	11.65191	
9.782732	2.081451	30.73903	

